function chaves = CHAVESSistema136()
% assinatura deve ser:
% IdLinha	No_Emissor	No_Receptor		Tipo		Operacional			Estado
%                                       (NA=1/NF=0)	(0-inativo,1-ativo)	(0-aberta,1-fechada)
chaves = [
1	136	1	0	1	1 %
2	1	2	0	1	1
3	2	3	0	1	1
4	3	4	0	1	1
5	4	5	0	1	1
6	5	6	0	1	1
7	6	7	0	1	1
8	6	8	0	1	1
9	8	9	0	1	1
10	8	10	0	1	1
11	10	11	0	0	1
12	10	12	0	0	1
13	10	13	0	1	1
14	13	14	0	0	1
15	13	15	0	1	1
16	15	16	0	0	1
17	136	17	0	1	1  %
18	17	18	0	1	1
19	18	19	0	1	1
20	19	20	0	1	1
21	20	21	0	0	1
22	20	22	0	1	1
23	22	23	0	0	1
24	22	24	0	1	1
25	24	25	0	1	1
26	25	26	0	1	1
27	26	27	0	1	1
28	27	28	0	1	1
29	28	29	0	0	1
30	29	30	0	0	1
31	28	31	0	1	1
32	31	32	0	0	1
33	32	33	0	0	1
34	33	34	0	0	1
35	31	35	0	1	1
36	35	36	0	0	1
37	36	37	0	0	1
38	35	38	0	1	1
39	136	39	0	1	1 %
40	39	40	0	1	1
41	40	41	0	0	1
42	40	42	0	1	1
43	42	43	0	1	1
44	43	44	0	0	1
45	43	45	0	1	1
46	45	46	0	1	1
47	46	47	0	1	1
48	47	48	0	1	1
49	48	49	0	1	1
50	49	50	0	1	1
51	48	51	0	1	1
52	51	52	0	1	1
53	52	53	0	1	1
54	53	54	0	1	1
55	54	55	0	1	1
56	52	56	0	0	1
57	56	57	0	0	1
58	57	58	0	0	1
59	58	59	0	0	1
60	59	60	0	0	1
61	60	61	0	0	1
62	47	62	0	1	1
63	136	63	0	1	1
64	63	64	0	1	1
65	64	65	0	1	1
66	65	66	0	1	1
67	66	67	0	1	1
68	67	68	0	1	1
69	68	69	0	0	1
70	68	70	0	1	1
71	70	71	0	0	1
72	71	72	0	0	1
73	70	73	0	1	1
74	73	74	0	0	1
75	136	75	0	1	1
76	75	76	0	1	1
77	76	77	0	1	1
78	77	78	0	1	1
79	78	79	0	1	1
80	79	80	0	1	1
81	80	81	0	1	1
82	81	82	0	0	1
83	81	83	0	1	1
84	83	84	0	1	1
85	136	85	0	1	1
86	85	86	0	1	1
87	86	87	0	0	1
88	86	88	0	1	1
89	88	89	0	1	1
90	89	90	0	1	1
91	90	91	0	1	1
92	91	92	0	1	1
93	92	93	0	1	1
94	93	94	0	1	1
95	94	95	0	1	1
96	95	96	0	1	1
97	93	97	0	1	1
98	97	98	0	1	1
99	136	99	0	1	1
100	99	100	0	1	1
101	100	101	0	1	1
102	101	102	0	0	1
103	101	103	0	1	1
104	103	104	0	1	1
105	104	105	0	1	1
106	105	106	0	1	1
107	106	107	0	1	1
108	107	108	0	0	1
109	108	109	0	0	1
110	107	110	0	1	1
111	110	111	0	0	1
112	111	112	0	0	1
113	112	113	0	0	1
114	108	114	0	0	1
115	114	115	0	0	1
116	109	116	0	0	1
117	116	117	0	0	1
118	104	118	0	1	1
119	118	119	0	1	1
120	119	120	0	1	1
121	136	121	0	1	1
122	121	122	0	1	1
123	122	123	0	1	1
124	123	124	0	0	1
125	123	125	0	1	1
126	125	126	0	1	1
127	125	127	0	1	1
128	127	128	0	1	1
129	127	129	0	1	1
130	129	130	0	1	1
131	130	131	0	1	1
132	131	132	0	1	1
133	132	133	0	1	1
134	133	134	0	1	1
135	134	135	0	1	1
136	7	73	1	1	0
137	9	24	1	1	0
138	15	83	1	1	0
139	38	135	1	1	0
140	25	51	1	1	0
141	50	96	1	1	0
142	55	98	1	1	0
143	62	120	1	1	0
144	66	79	1	1	0
145	79	131	1	1	0
146	84	135	1	1	0
147	91	104	1	1	0
148	90	129	1	1	0
149	90	103	1	1	0
150	92	104	1	1	0
151	92	132	1	1	0
152	96	120	1	1	0
153	110	47	1	1	0
154	126	76	1	1	0
155	128	77	1	1	0
156	135	98	1	1	0
];

end