function chaves = CHAVESSistemaZhu2002()
% assinatura deve ser:
% IdLinha	No_Emissor	No_Receptor		Tipo		Operacional			Estado
%                                       (NA=1/NF=0)	(0-inativo,1-ativo)	(0-aberta,1-fechada)
chaves = [
1	1	2	1	0	1
2	2	3	1	1	1
3	3	4	1	1	1
4	4	5	1	1	1
5	5	6	1	1	1
6	6	7	1	1	1
7	7	8	1	1	1
8	8	9	1	1	1
9	9	10	1	1	1
10	10	11	1	1	1
11	11	12	1	1	1
12	12	13	1	1	1
13	13	14	1	1	1
14	14	15	1	1	1
15	15	16	1	1	1
16	16	17	1	1	1
17	17	18	1	1	1
18	2	19	1	1	1
19	19	20	1	1	1
20	20	21	1	1	1
21	21	22	1	1	1
22	3	23	1	1	1
23	23	24	1	1	1
24	24	25	1	1	1
25	6	26	1	1	1
26	26	27	1	1	1
27	27	28	1	1	1
28	28	29	1	1	1
29	29	30	1	1	1
30	30	31	1	1	1
31	31	32	1	1	1
32	32	33	1	1	1
33	8	21	1	1	0
34	9	15	1	1	0
35	12	22	1	1	0
36	18	33	1	1	0
37	25	29	1	1	0
];

end