function chaves = CHAVESSistema703()
% assinatura deve ser:
% IdLinha	No_Emissor	No_Receptor		Tipo		Operacional			Estado
%                                       (NA=1/NF=0)	(0-inativo,1-ativo)	(0-aberta,1-fechada)
chaves = [
1	1	2	0	1	1
2	2	3	0	0	1
3	3	4	0	0	1
4	4	5	0	0	1
5	5	6	0	0	1
6	6	7	0	0	1
7	7	8	0	0	1
8	8	9	0	0	1
9	9	10	0	0	1
10	10	11	0	0	1
11	11	12	0	0	1
12	12	13	0	0	1
13	13	14	0	0	1
14	14	15	0	0	1
15	15	16	0	0	1
16	16	17	0	0	1
17	17	18	0	0	1
18	17	20	0	0	1
19	18	19	0	1	1 %tive que fechar
20	20	21	0	0	1
21	21	22	0	0	1
22	21	23	0	0	1
23	22	43	0	1	1
24	23	24	0	1	1
25	24	25	0	0	1
26	25	26	0	0	1
27	26	27	0	0	1
28	26	28	0	1	1
29	27	31	0	1	1
30	28	29	0	0	1
31	29	30	0	0	1
32	31	32	0	0	1
33	32	33	0	0	1
34	32	34	0	0	1
35	33	36	0	1	1
36	34	35	0	1	1 %tive que fechar
37	36	37	0	0	1
38	37	38	0	0	1
39	37	39	0	1	1
40	38	41	0	0	1
41	39	40	0	0	1
42	41	42	1	1	0
43	43	44	0	0	1
44	44	45	0	0	1
45	45	46	0	0	1
46	46	47	0	0	1
47	47	48	0	0	1
48	48	49	0	0	1
49	49	50	0	0	1
50	50	51	0	0	1
51	51	52	0	0	1
52	52	53	0	0	1
53	53	54	0	0	1
54	54	55	0	0	1
55	55	56	0	0	1
56	56	57	0	1	1
57	57	58	0	0	1
58	58	59	0	0	1
59	58	61	0	0	1
60	59	60	0	1	1 % tive que fechar
61	61	62	0	0	1
62	61	63	0	1	1
63	62	65	0	0	1
64	63	64	0	0	1
65	65	66	0	0	1
66	66	67	0	0	1
67	68	69	0	1	1
68	69	70	0	0	1
69	70	71	0	0	1
70	71	72	0	0	1
71	72	73	0	1	1
72	73	74	0	0	1
73	74	75	0	0	1
74	75	76	0	1	1
75	76	77	0	0	1
76	77	78	0	0	1
77	77	79	0	0	1
78	78	82	0	1	1
79	79	80	0	0	1
80	80	81	1	1	0
81	82	83	0	0	1
82	83	84	0	0	1
83	83	85	0	0	1
84	85	86	0	0	1
85	85	87	0	0	1
86	86	88	0	1	1
87	88	89	0	0	1
88	89	90	0	0	1
89	89	91	0	0	1
90	91	92	0	0	1
91	92	93	0	1	1
92	93	94	0	0	1
93	94	95	0	0	1
94	94	96	0	0	1
95	94	97	0	0	1
96	95	121	0	0	1
97	95	122	0	0	1
98	96	106	0	0	1
99	96	107	0	1	1
100	97	98	0	0	1
101	97	99	0	0	1
102	98	104	0	1	1
103	99	100	0	0	1
104	100	101	0	0	1
105	100	103	0	0	1
106	101	102	1	1	0
107	104	105	0	0	1
108	106	109	0	1	1
109	107	108	0	0	1
110	109	110	0	0	1
111	110	111	0	0	1
112	111	112	0	0	1
113	112	113	0	0	1
114	113	114	0	0	1
115	114	115	0	0	1
116	115	116	0	1	1
117	116	117	0	0	1
118	117	118	0	0	1
119	118	119	0	0	1
120	119	120	0	0	1
121	122	123	0	0	1
122	123	124	0	1	1
123	124	125	0	0	1
124	125	126	0	0	1
125	126	127	0	0	1
126	127	128	0	0	1
127	128	129	0	0	1
128	129	130	0	0	1
129	129	131	0	0	1
130	130	287	0	0	1
131	131	132	0	1	1
132	132	133	0	0	1
133	133	134	0	0	1
134	134	135	0	0	1
135	135	136	0	0	1
136	135	137	0	0	1
137	135	138	0	0	1
138	136	272	0	1	1
139	137	149	0	0	1
140	137	150	0	1	1
141	138	139	0	1	1
142	139	140	0	0	1
143	140	141	0	0	1
144	141	142	0	0	1
145	141	143	0	1	1
146	142	145	0	0	1
147	142	146	0	0	1
148	143	144	0	0	1
149	145	147	0	1	1
150	147	148	0	0	1
151	149	153	0	0	1
152	150	151	0	0	1
153	151	152	0	0	1
154	153	154	0	1	1
155	153	155	0	0	1
156	154	271	0	0	1
157	155	156	0	0	1
158	156	157	0	1	1
159	157	158	0	0	1
160	158	159	0	0	1
161	159	160	0	0	1
162	160	161	0	0	1
163	160	162	0	0	1
164	160	163	0	0	1
165	161	247	0	0	1
166	161	248	0	0	1
167	162	239	1	1	0
168	163	164	0	0	1
169	163	165	0	0	1
170	164	166	0	0	1
171	166	167	0	0	1
172	166	168	0	0	1
173	167	170	0	1	1
174	168	169	0	0	1
175	170	171	0	0	1
176	171	172	0	1	1
177	172	173	0	0	1
178	173	174	0	0	1
179	173	175	0	0	1
180	173	176	0	0	1
181	174	243	0	0	1
182	175	213	0	1	1
183	176	177	0	1	1
184	177	178	0	0	1
185	178	179	0	0	1
186	179	180	0	0	1
187	179	181	0	1	1
188	180	207	0	1	1
189	181	182	0	0	1
190	182	183	0	0	1
191	183	184	0	0	1
192	183	185	0	1	1
193	184	187	0	0	1
194	184	188	0	0	1
195	185	186	0	0	1
196	187	189	0	0	1
197	188	244	1	1	0
198	189	190	0	1	1
199	190	191	0	0	1
200	191	192	0	0	1
201	191	193	0	0	1
202	192	195	0	0	1
203	193	194	0	0	1
204	195	196	0	0	1
205	195	197	0	0	1
206	197	198	0	0	1
207	197	199	0	0	1
208	198	205	0	0	1
209	199	200	0	1	1
210	200	201	0	0	1
211	201	202	0	0	1
212	202	203	0	0	1
213	203	204	0	0	1
214	205	206	0	0	1
215	207	208	0	0	1
216	208	209	0	0	1
217	209	210	0	0	1
218	210	211	0	0	1
219	211	212	0	0	1
220	213	214	0	0	1
221	214	215	0	0	1
222	214	216	0	0	1
223	215	240	0	0	1
224	216	217	0	0	1
225	217	218	0	0	1
226	218	219	0	1	1
227	219	220	0	0	1
228	220	221	0	0	1
229	221	222	0	0	1
230	221	223	0	0	1
231	221	224	0	0	1
232	222	231	0	1	1
233	224	225	0	0	1
234	225	226	0	0	1
235	225	227	0	0	1
236	225	228	0	0	1
237	226	229	0	1	1
238	228	60	0	0	1
239	229	230	0	0	1
240	231	232	0	0	1
241	232	233	0	0	1
242	233	234	0	0	1
243	234	235	0	0	1
244	234	236	0	1	1
245	235	238	0	0	1
246	236	237	0	0	1
247	238	239	0	0	1
248	240	241	0	0	1
249	241	242	1	1	0
250	243	244	0	0	1
251	243	245	0	0	1
252	245	246	0	0	1
253	247	249	0	1	1
254	249	250	0	0	1
255	250	251	0	0	1
256	251	252	0	0	1
257	251	253	0	0	1
258	251	254	0	0	1
259	252	263	0	0	1
260	253	258	0	1	1
261	254	255	0	1	1
262	255	256	0	0	1
263	256	257	0	0	1
264	258	259	0	0	1
265	259	260	0	0	1
266	259	261	0	0	1
267	260	262	0	0	1
268	263	264	0	0	1
269	263	265	0	1	1
270	264	268	0	0	1
271	264	269	0	1	1
272	265	266	0	0	1
273	266	267	0	0	1
274	269	270	0	0	1
275	272	273	0	0	1
276	273	274	0	0	1
277	274	275	0	0	1
278	274	276	0	0	1
279	274	277	0	0	1
280	276	285	0	0	1
281	277	278	0	1	1
282	278	279	0	0	1
283	279	280	0	0	1
284	280	281	0	0	1
285	281	282	0	0	1
286	281	283	0	0	1
287	283	284	0	0	1
288	285	286	0	0	1
289	287	288	0	0	1
290	287	289	0	0	1
291	289	290	0	0	1
292	290	291	0	0	1
293	291	292	0	0	1
294	292	293	1	1	0
295	294	295	0	1	1
296	295	296	0	1	1
297	296	297	0	0	1
298	297	298	0	0	1
299	297	299	0	0	1
300	297	300	0	0	1
301	299	302	0	0	1
302	300	301	1	1	0
303	302	303	0	1	1
304	303	304	0	0	1
305	304	305	0	0	1
306	304	306	0	0	1
307	306	307	0	0	1
308	306	308	0	1	1
309	307	310	0	0	1
310	308	309	0	0	1
311	310	311	0	1	1
312	311	312	0	0	1
313	312	81	0	0	1
314	312	313	0	0	1
315	313	314	0	0	1
316	314	315	0	0	1
317	315	316	0	1	1
318	316	317	0	0	1
319	317	318	0	0	1
320	317	319	0	0	1
321	319	320	0	1	1
322	320	321	0	0	1
323	321	322	0	0	1
324	322	323	0	0	1
325	323	324	0	0	1
326	324	325	0	0	1
327	325	326	0	0	1
328	326	327	0	0	1
329	326	328	0	0	1
330	326	329	0	0	1
331	327	491	0	0	1
332	327	492	0	0	1
333	328	482	0	0	1
334	328	483	0	0	1
335	328	484	0	0	1
336	329	330	0	1	1
337	330	331	0	0	1
338	331	332	0	0	1
339	332	333	0	0	1
340	332	334	0	0	1
341	332	335	0	0	1
342	333	475	0	0	1
343	333	476	0	0	1
344	334	472	0	1	1
345	335	336	0	0	1
346	336	337	0	0	1
347	336	338	0	1	1
348	337	340	0	0	1
349	338	339	0	0	1
350	340	341	0	1	1
351	341	342	0	0	1
352	342	343	0	0	1
353	343	344	0	0	1
354	343	345	0	0	1
355	344	469	0	0	1
356	345	346	0	0	1
357	346	347	0	0	1
358	346	348	0	0	1
359	348	349	0	0	1
360	348	350	0	1	1
361	349	352	0	1	1
362	350	351	0	0	1
363	352	353	0	0	1
364	353	354	0	0	1
365	353	355	0	0	1
366	353	356	0	0	1
367	354	455	0	0	1
368	354	456	0	0	1
369	354	457	0	0	1
370	355	19	0	0	1
371	355	42	0	0	1
372	356	357	0	0	1
373	357	358	0	1	1
374	358	359	0	0	1
375	359	360	0	0	1
376	359	361	0	0	1
377	359	362	0	0	1
378	360	417	0	0	1
379	360	418	0	0	1
380	360	419	0	0	1
381	361	375	0	0	1
382	362	363	0	1	1
383	363	364	0	0	1
384	364	365	0	0	1
385	365	366	0	0	1
386	365	367	0	0	1
387	366	374	0	0	1
388	367	368	0	1	1
389	368	369	0	0	1
390	369	370	0	0	1
391	370	371	0	0	1
392	371	372	0	1	1
393	372	373	0	0	1
394	375	376	0	1	1
395	376	377	0	0	1
396	377	378	0	0	1
397	378	379	0	0	1
398	378	380	0	0	1
399	379	382	0	0	1
400	380	381	0	0	1
401	382	383	0	0	1
402	383	384	0	0	1
403	384	385	0	0	1
404	385	386	0	0	1
405	385	387	0	0	1
406	386	392	0	0	1
407	387	388	0	0	1
408	388	389	0	0	1
409	388	390	0	1	1
410	390	391	0	0	1
411	392	393	0	0	1
412	393	293	0	0	1
413	393	394	0	0	1
414	393	395	0	0	1
415	394	415	0	0	1
416	395	396	0	0	1
417	396	397	0	0	1
418	397	398	0	1	1
419	398	399	0	0	1
420	399	400	0	0	1
421	400	401	0	0	1
422	401	402	0	0	1
423	401	403	0	0	1
424	401	404	0	0	1
425	404	405	0	0	1
426	405	406	0	0	1
427	405	407	0	1	1
428	406	409	0	0	1
429	407	408	0	0	1
430	409	410	0	0	1
431	409	411	0	0	1
432	410	412	0	0	1
433	412	413	0	0	1
434	413	414	0	0	1
435	414	223	1	1	0
436	415	416	0	0	1
437	417	423	0	1	1
438	418	420	0	1	1
439	420	421	0	0	1
440	421	422	0	0	1
441	423	424	0	0	1
442	424	425	0	0	1
443	425	426	0	0	1
444	425	427	0	1	1
445	426	432	0	0	1
446	427	428	0	0	1
447	428	429	0	0	1
