function CHAVESSistemaZhu20023fontes = CHAVESSistemaZhu20023fontes()
% assinatura deve ser:
% IdLinha	No_Emissor	No_Receptor		Tipo		Operacional			Estado
%                                       (NA=1/NF=0)	(0-inativo,1-ativo)	(0-aberta,1-fechada)
CHAVESSistemaZhu20023fontes = [
1	1	4	1	1	1
2	4	6	1	1	1
3	4	5	1	1	1
4	5	11	1	1	0
5	6	7	1	1	1
6	9	11	1	1	1
7	2	8	1	1	1
8	8	9	1	1	1
9	8	10	1	1	1
10	9	12	1	1	1
11	7	16	1	1	0
12	15	16	1	1	1
13	10	14	1	1	0
14	13	14	1	1	1
15	3	13	1	1	1
16	13	15	1	1	1];

end
    
