function chaves = CHAVESSistema119()
% assinatura deve ser:
% IdLinha	No_Emissor	No_Receptor		Tipo		Operacional			Estado
%                                       (NA=1/NF=0)	(0-inativo,1-ativo)	(0-aberta,1-fechada)
chaves = [
1	124	1	1	1	1 % OBS: alterado bus n.0 to n.124
2	1	2	1	1	1
3	2	3	1	1	1
4	2	4	1	1	1
5	4	5	1	1	1
6	5	6	1	1	1
7	6	7	1	1	1
8	7	8	1	1	1
9	8	9	1	1	1
10	2	10	1	1	1
11	10	11	1	1	1
12	11	12	1	1	1
13	12	13	1	1	1
14	13	14	1	1	1
15	14	15	1	1	1
16	15	16	1	1	1
17	16	17	1	1	1
18	11	18	1	1	1
19	18	19	1	1	1
20	19	20	1	1	1
21	20	21	1	1	1
22	21	22	1	1	1
23	22	23	1	1	1
24	23	24	1	1	1
25	24	25	1	1	1
26	25	26	1	1	1
27	26	27	1	1	1
28	4	29	1	1	1
29	29	30	1	1	1
30	30	31	1	1	1
31	31	32	1	1	1
32	32	33	1	1	1
33	33	34	1	1	1
34	34	35	1	1	1
35	35	36	1	1	1
36	31	37	1	1	1
37	37	38	1	1	1
38	30	40	1	1	1
39	40	41	1	1	1
40	41	42	1	1	1
41	42	43	1	1	1
42	43	44	1	1	1
43	44	45	1	1	1
44	45	46	1	1	1
45	46	47	1	1	1
46	47	48	1	1	1
47	36	49	1	1	1
48	49	50	1	1	1
49	50	51	1	1	1
50	51	52	1	1	1
51	52	53	1	1	1
52	53	54	1	1	1
53	54	55	1	1	1
54	54	56	1	1	1
55	30	58	1	1	1
56	58	59	1	1	1
57	59	60	1	1	1
58	60	61	1	1	1
59	61	62	1	1	1
60	62	63	1	1	1
61	63	64	1	1	1
62	64	65	1	1	1
63	1	66	1	1	1
64	66	67	1	1	1
65	67	68	1	1	1
66	68	69	1	1	1
67	69	70	1	1	1
68	70	71	1	1	1
69	71	72	1	1	1
70	72	73	1	1	1
71	73	74	1	1	1
72	74	75	1	1	1
73	75	76	1	1	1
74	76	77	1	1	1
75	77	78	1	1	1
76	78	79	1	1	1
77	79	80	1	1	1
78	67	81	1	1	1
79	81	82	1	1	1
80	82	83	1	1	1
81	83	84	1	1	1
82	84	85	1	1	1
83	85	86	1	1	1
84	86	87	1	1	1
85	87	88	1	1	1
86	82	89	1	1	1
87	89	90	1	1	1
88	90	91	1	1	1
89	68	93	1	1	1
90	93	94	1	1	1
91	94	95	1	1	1
92	95	96	1	1	1
93	96	97	1	1	1
94	97	98	1	1	1
95	98	99	1	1	1
96	95	100	1	1	1
97	100	101	1	1	1
98	101	102	1	1	1
99	102	103	1	1	1
100	1	105	1	1	1
101	105	106	1	1	1
102	106	107	1	1	1
103	107	108	1	1	1
104	108	109	1	1	1
105	109	110	1	1	1
106	110	111	1	1	1
107	111	112	1	1	1
108	112	113	1	1	1
109	113	114	1	1	1
110	114	115	1	1	1
111	115	116	1	1	1
112	115	117	1	1	1
113	117	118	1	1	1
114	105	119	1	1	1
115	119	120	1	1	1
116	120	121	1	1	1
117	121	122	1	1	1
118	122	123	1	1	1
119	48	27	0	1	0% ok zhang 2007
120	17	27	0	1	0% ok zhang 2007
121	8	24	0	1	0% ok zhang 2007
122	56	45	0	1	0% ok zhang 2007
123	65	51	0	1	0% 123	65	56	0	1	0 
124	38	65	0	1	0% ok zhang 2007
125	9	42	0	1	0% ok zhang 2007
126	61	100	0	1	0% ok zhang 2007
127	76	95	0	1	0% ok zhang 2007
128	91	78	0	1	0% ok zhang 2007
129	103	80	0	1	0% ok zhang 2007
130	113	86	0	1	0% ok zhang 2007
131	110	89	0	1	0% ok zhang 2007
132	115	123	0	1	0% ok zhang 2007
133	25	36	0	1	0% ok zhang 2007
];

end