function SistemaZhu2002 = SistemaZhu2002B()

% De	Para	R(pus)	X(pus)	Comprimento(km)	Ampacidade(A)
SistemaZhu2002 = [
1	2	0.0922	0.047	1	100
2	3	0.493	0.2512	1	100
3	4	0.3661	0.1864	1	100
4	5	0.3811	0.1941	1	100
5	6	0.819	0.707	1	100
6	7	0.1872	0.6188	1	100
7	8	0.7115	0.2351	1	100
8	9	1.0299	0.74	1	100
9	10	1.044	0.74	1	100
10	11	0.1967	0.0651	1	100
11	12	0.3744	0.1298	1	100
12	13	1.468	1.1549	1	100
13	14	0.5416	0.7129	1	100
14	15	0.5909	0.526	1	100
15	16	0.7462	0.5449	1	100
16	17	1.2889	1.721	1	100
17	18	0.732	0.5739	1	100
2	19	0.164	0.1565	1	100
19	20	1.5042	1.3555	1	100
20	21	0.4095	0.4784	1	100
21	22	0.7089	0.9373	1	100
3	23	0.4512	0.3084	1	100
23	24	0.898	0.7091	1	100
24	25	0.8959	0.7071	1	100
6	26	0.2031	0.1034	1	100
26	27	0.2842	0.1447	1	100
27	28	1.0589	0.9338	1	100
28	29	0.8043	0.7006	1	100
29	30	0.5074	0.2585	1	100
30	31	0.9745	0.9629	1	100
31	32	0.3105	0.3619	1	100
32	33	0.3411	0.5302	1	100
8	21	2	2	1	100
9	15	2	2	1	100
12	22	2	2	1	100
18	33	0.5	0.5	1	100
25	29	0.5	0.5	1	100
];

end
