function barras = Sistema703barrasCemig()
% Demanda de potência ativa e reativa nas barras
% No	Tipo	Vpu	Teta	Pcarga	Qcarga	Pger	Qger
barras = [
1	3	13.8	0	0	0	0	0
2	1	13.8	0	0	0	0	0
3	1	13.8	0	0	0	0	0
4	1	13.8	0	0	0	0	0
5	1	13.8	0	0	0	0	0
6	1	13.8	0	0	0	0	0
7	1	13.8	0	0	0	0	0
8	1	13.8	0	0	0	0	0
9	1	13.8	0	0	0	0	0
10	1	13.8	0	0	0	0	0
11	1	13.8	0	0	0	0	0
12	1	13.8	0	0	0	0	0
13	1	13.8	0	0	0	0	0
14	1	13.8	0	0	0	0	0
15	1	13.8	0	0	0	0	0
16	1	13.8	0	0	0	0	0
17	1	13.8	0	0	0	0	0
18	1	13.8	0	0	0	0	0
19	1	13.8	0	0	0	0	0
20	1	13.8	0	0	0	0	0
21	1	13.8	0	0	0	0	0
22	1	13.8	0	0	0	0	0
23	1	13.8	0	0	0	0	0
24	1	13.8	0	0	0	0	0
25	1	13.8	0	19.728	-8.403	0	0
26	1	13.8	0	0	0	0	0
27	1	13.8	0	0	0	0	0
28	1	13.8	0	0	0	0	0
29	1	13.8	0	609.372	-259.578	0	0
30	1	13.8	0	783.999	-333.984	0	0
31	1	13.8	0	0	0	0	0
32	1	13.8	0	0	0	0	0
33	1	13.8	0	0	0	0	0
34	1	13.8	0	0	0	0	0
35	1	13.8	0	0	0	0	0
36	1	13.8	0	0	0	0	0
37	1	13.8	0	0	0	0	0
38	1	13.8	0	69.972	-29.805	0	0
39	1	13.8	0	0	0	0	0
40	1	13.8	0	115.842	-49.347	0	0
41	1	13.8	0	0	0	0	0
42	1	13.8	0	0	0	0	0
43	1	13.8	0	0	0	0	0
44	1	13.8	0	0	0	0	0
45	1	13.8	0	0	0	0	0
46	1	13.8	0	0	0	0	0
47	1	13.8	0	0	0	0	0
48	1	13.8	0	0	0	0	0
49	1	13.8	0	0	0	0	0
50	1	13.8	0	0	0	0	0
51	1	13.8	0	0	0	0	0
52	1	13.8	0	0	0	0	0
53	1	13.8	0	0	0	0	0
54	1	13.8	0	0	0	0	0
55	1	13.8	0	0	0	0	0
56	1	13.8	0	0	0	0	0
57	1	13.8	0	0	0	0	0
58	1	13.8	0	0	0	0	0
59	1	13.8	0	0	0	0	0
60	1	13.8	0	0	0	0	0
61	1	13.8	0	0	0	0	0
62	1	13.8	0	0	0	0	0
63	1	13.8	0	0	0	0	0
64	1	13.8	0	4115.001	-1752.984	0	0
65	1	13.8	0	37.293	-15.885	0	0
66	1	13.8	0	43.137	-18.375	0	0
67	1	13.8	0	0	0	0	0
68	3	13.8	0	0	0	0	0
69	1	13.8	0	0	0	0	0
70	1	13.8	0	0	0	0	0
71	1	13.8	0	0	0	0	0
72	1	13.8	0	0	0	0	0
73	1	13.8	0	0	0	0	0
74	1	13.8	0	48.39	-20.613	0	0
75	1	13.8	0	0	0	0	0
76	1	13.8	0	0	0	0	0
77	1	13.8	0	0	0	0	0
78	1	13.8	0	0	0	0	0
79	1	13.8	0	82.782	-35.265	0	0
80	1	13.8	0	0	0	0	0
81	1	13.8	0	0	0	0	0
82	1	13.8	0	0	0	0	0
83	1	13.8	0	0	0	0	0
84	1	13.8	0	55.644	-23.703	0	0
85	1	13.8	0	0	0	0	0
86	1	13.8	0	0	0	0	0
87	1	13.8	0	47.205	-20.109	0	0
88	1	13.8	0	0	0	0	0
89	1	13.8	0	0	0	0	0
90	1	13.8	0	0	0	0	0
91	1	13.8	0	51.465	-21.924	0	0
92	1	13.8	0	0	0	0	0
93	1	13.8	0	0	0	0	0
94	1	13.8	0	0	0	0	0
95	1	13.8	0	80.508	-34.296	0	0
96	1	13.8	0	0	0	0	0
97	1	13.8	0	0	0	0	0
98	1	13.8	0	0	0	0	0
99	1	13.8	0	113.931	-48.531	0	0
100	1	13.8	0	0	0	0	0
101	1	13.8	0	0	0	0	0
102	1	13.8	0	0	0	0	0
103	1	13.8	0	40.884	-17.415	0	0
104	1	13.8	0	0	0	0	0
105	1	13.8	0	24.999	-8.862	0	0
106	1	13.8	0	0	0	0	0
107	1	13.8	0	0	0	0	0
108	1	13.8	0	0	0	0	0
109	1	13.8	0	0	0	0	0
110	1	13.8	0	46.509	-19.812	0	0
111	1	13.8	0	0	0	0	0
112	1	13.8	0	0	0	0	0
113	1	13.8	0	98.679	-42.036	0	0
114	1	13.8	0	24.225	-10.32	0	0
115	1	13.8	0	0	0	0	0
116	1	13.8	0	0	0	0	0
117	1	13.8	0	18.384	-7.83	0	0
118	1	13.8	0	132.837	-56.586	0	0
119	1	13.8	0	65.922	-28.083	0	0
120	1	13.8	0	26.499	-11.289	0	0
121	1	13.8	0	0	0	0	0
122	1	13.8	0	42.111	-17.94	0	0
123	1	13.8	0	0	0	0	0
124	1	13.8	0	0	0	0	0
125	1	13.8	0	86.997	-37.059	0	0
126	1	13.8	0	39.045	-16.632	0	0
127	1	13.8	0	90.651	-38.616	0	0
128	1	13.8	0	28.62	-12.192	0	0
129	1	13.8	0	0	0	0	0
130	1	13.8	0	34.848	-14.844	0	0
131	1	13.8	0	0	0	0	0
132	1	13.8	0	0	0	0	0
133	1	13.8	0	77.403	-32.973	0	0
134	1	13.8	0	40.131	-17.094	0	0
135	1	13.8	0	0	0	0	0
136	1	13.8	0	0	0	0	0
137	1	13.8	0	0	0	0	0
138	1	13.8	0	0	0	0	0
139	1	13.8	0	0	0	0	0
140	1	13.8	0	77.016	-32.808	0	0
141	1	13.8	0	0	0	0	0
142	1	13.8	0	0	0	0	0
143	1	13.8	0	0	0	0	0
144	1	13.8	0	27.264	-11.613	0	0
145	1	13.8	0	0	0	0	0
146	1	13.8	0	89.598	-38.166	0	0
147	1	13.8	0	0	0	0	0
148	1	13.8	0	63.363	-26.991	0	0
149	1	13.8	0	19.218	-8.187	0	0
150	1	13.8	0	0	0	0	0
151	1	13.8	0	0	0	0	0
152	1	13.8	0	0	0	0	0
153	1	13.8	0	0	0	0	0
154	1	13.8	0	0	0	0	0
155	1	13.8	0	65.478	-27.894	0	0
156	1	13.8	0	0	0	0	0
157	1	13.8	0	0	0	0	0
158	1	13.8	0	59.883	-25.509	0	0
159	1	13.8	0	74.466	-31.722	0	0
160	1	13.8	0	0	0	0	0
161	1	13.8	0	0	0	0	0
162	1	13.8	0	0	0	0	0
163	1	13.8	0	0	0	0	0
164	1	13.8	0	103.986	-44.295	0	0
165	1	13.8	0	44.601	-18.999	0	0
166	1	13.8	0	0	0	0	0
167	1	13.8	0	0	0	0	0
168	1	13.8	0	0	0	0	0
169	1	13.8	0	30.042	-12.798	0	0
170	1	13.8	0	0	0	0	0
171	1	13.8	0	0	0	0	0
172	1	13.8	0	0	0	0	0
173	1	13.8	0	0	0	0	0
174	1	13.8	0	82.107	-34.977	0	0
175	1	13.8	0	0	0	0	0
176	1	13.8	0	0	0	0	0
177	1	13.8	0	0	0	0	0
178	1	13.8	0	34.956	-14.892	0	0
179	1	13.8	0	0	0	0	0
180	1	13.8	0	0	0	0	0
181	1	13.8	0	0	0	0	0
182	1	13.8	0	24.726	-10.533	0	0
183	1	13.8	0	0	0	0	0
184	1	13.8	0	0	0	0	0
185	1	13.8	0	0	0	0	0
186	1	13.8	0	614.001	-261.564	0	0
187	1	13.8	0	50.7	-21.597	0	0
188	1	13.8	0	0	0	0	0
189	1	13.8	0	0	0	0	0
190	1	13.8	0	0	0	0	0
191	1	13.8	0	0	0	0	0
192	1	13.8	0	39.198	-16.698	0	0
193	1	13.8	0	64.659	-27.543	0	0
194	1	13.8	0	0.519	-0.222	0	0
195	1	13.8	0	0	0	0	0
196	1	13.8	0	6.24	-2.658	0	0
197	1	13.8	0	0	0	0	0
198	1	13.8	0	55.779	-23.76	0	0
199	1	13.8	0	0	0	0	0
200	1	13.8	0	0	0	0	0
201	1	13.8	0	44.718	-19.05	0	0
202	1	13.8	0	24.855	-10.587	0	0
203	1	13.8	0	0	0	0	0
204	1	13.8	0	90.618	-38.601	0	0
205	1	13.8	0	31.047	-13.224	0	0
206	1	13.8	0	4.221	-1.797	0	0
207	1	13.8	0	0	0	0	0
208	1	13.8	0	60.003	-25.56	0	0
209	1	13.8	0	101.538	-43.254	0	0
210	1	13.8	0	38.976	-16.602	0	0
211	1	13.8	0	54.03	-23.016	0	0
212	1	13.8	0	0	0	0	0
213	1	13.8	0	0	0	0	0
214	1	13.8	0	0	0	0	0
215	1	13.8	0	0	0	0	0
216	1	13.8	0	0	0	0	0
217	1	13.8	0	79.578	-33.897	0	0
218	1	13.8	0	0	0	0	0
219	1	13.8	0	0	0	0	0
220	1	13.8	0	152.565	-64.989	0	0
221	1	13.8	0	0	0	0	0
222	1	13.8	0	0	0	0	0
223	1	13.8	0	0	0	0	0
224	1	13.8	0	0	0	0	0
225	1	13.8	0	0	0	0	0
226	1	13.8	0	0	0	0	0
227	1	13.8	0	120.021	-51.126	0	0
228	1	13.8	0	0	0	0	0
229	1	13.8	0	0	0	0	0
230	1	13.8	0	262.881	-111.981	0	0
231	1	13.8	0	0	0	0	0
232	1	13.8	0	37.56	-15.999	0	0
233	1	13.8	0	57.216	-24.372	0	0
234	1	13.8	0	0	0	0	0
235	1	13.8	0	74.073	-31.554	0	0
236	1	13.8	0	0	0	0	0
237	1	13.8	0	219.999	-77.994	0	0
238	1	13.8	0	95.16	-40.536	0	0
239	1	13.8	0	0	0	0	0
240	1	13.8	0	113.679	-48.423	0	0
241	1	13.8	0	0	0	0	0
242	1	13.8	0	0	0	0	0
243	1	13.8	0	0	0	0	0
244	1	13.8	0	0	0	0	0
245	1	13.8	0	83.073	-35.388	0	0
246	1	13.8	0	0	0	0	0
247	1	13.8	0	0	0	0	0
248	1	13.8	0	75.633	-32.217	0	0
249	1	13.8	0	0	0	0	0
250	1	13.8	0	89.817	-38.259	0	0
251	1	13.8	0	0	0	0	0
252	1	13.8	0	91.59	-39.015	0	0
253	1	13.8	0	0	0	0	0
254	1	13.8	0	0	0	0	0
255	1	13.8	0	0	0	0	0
256	1	13.8	0	24.789	-10.56	0	0
257	1	13.8	0	58.248	-24.813	0	0
258	1	13.8	0	0	0	0	0
259	1	13.8	0	0	0	0	0
260	1	13.8	0	60.192	-25.641	0	0
261	1	13.8	0	28.278	-12.045	0	0
262	1	13.8	0	36.855	-15.699	0	0
263	1	13.8	0	0	0	0	0
264	1	13.8	0	0	0	0	0
265	1	13.8	0	0	0	0	0
266	1	13.8	0	72.141	-30.732	0	0
267	1	13.8	0	73.866	-31.467	0	0
268	1	13.8	0	0	0	0	0
269	1	13.8	0	0	0	0	0
270	1	13.8	0	105	-37.224	0	0
271	1	13.8	0	47.685	-20.313	0	0
272	1	13.8	0	0	0	0	0
273	1	13.8	0	40.662	-17.322	0	0
274	1	13.8	0	0	0	0	0
275	1	13.8	0	47.319	-20.157	0	0
276	1	13.8	0	79.71	-33.954	0	0
277	1	13.8	0	0	0	0	0
278	1	13.8	0	0	0	0	0
279	1	13.8	0	0	0	0	0
280	1	13.8	0	0	0	0	0
281	1	13.8	0	0	0	0	0
282	1	13.8	0	41.904	-17.85	0	0
283	1	13.8	0	0	0	0	0
284	1	13.8	0	40.539	-17.268	0	0
285	1	13.8	0	35.913	-15.297	0	0
286	1	13.8	0	0	0	0	0
287	1	13.8	0	0	0	0	0
288	1	13.8	0	84.954	-36.189	0	0
289	1	13.8	0	111.498	-47.496	0	0
290	1	13.8	0	59.586	-25.383	0	0
291	1	13.8	0	20.601	-8.775	0	0
292	1	13.8	0	0	0	0	0
293	1	13.8	0	0	0	0	0
294	3	13.8	0	0	0	0	0
295	1	13.8	0	0	0	0	0
296	1	13.8	0	0	0	0	0
297	1	13.8	0	0	0	0	0
298	1	13.8	0	0	0	0	0
299	1	13.8	0	39.834	-16.968	0	0
300	1	13.8	0	0	0	0	0
301	1	13.8	0	0	0	0	0
302	1	13.8	0	0	0	0	0
303	1	13.8	0	0	0	0	0
304	1	13.8	0	0	0	0	0
305	1	13.8	0	0	0	0	0
306	1	13.8	0	0	0	0	0
307	1	13.8	0	15.984	-6.807	0	0
308	1	13.8	0	0	0	0	0
309	1	13.8	0	96	-26.607	0	0
310	1	13.8	0	0	0	0	0
311	1	13.8	0	0	0	0	0
312	1	13.8	0	0	0	0	0
313	1	13.8	0	79.281	-33.771	0	0
314	1	13.8	0	95.166	-40.539	0	0
315	1	13.8	0	0	0	0	0
316	1	13.8	0	0	0	0	0
317	1	13.8	0	0	0	0	0
318	1	13.8	0	0	0	0	0
319	1	13.8	0	0	0	0	0
320	1	13.8	0	0	0	0	0
321	1	13.8	0	45.603	-19.425	0	0
322	1	13.8	0	24.24	-10.326	0	0
323	1	13.8	0	44.823	-19.095	0	0
324	1	13.8	0	126.471	-53.874	0	0
