function barras = SistemaZhu20023fontesA()

% No	Tipo	Vpu	Teta	Pcarga	Qcarga	Pger	Qger
barras = [
1	3	12.66	0	0	0	0	0
2	3	12.66	0	0	0	0	0
3	3	12.66	0	0	0	0	0
4	1	12.66	0	2000	1600	0	0
5	1	12.66	0	3000	400	0	0
6	1	12.66	0	2000	-400	0	0
7	1	12.66	0	1500	1200	0	0
8	1	12.66	0	4000	2700	0	0
9	1	12.66	0	5000	1800	0	0
10	1	12.66	0	1000	900	0	0
11	1	12.66	0	600	-500	0	0
12	1	12.66	0	4500	-1700	0	0
13	1	12.66	0	1000	900	0	0
14	1	12.66	0	1000	-1100	0	0
15	1	12.66	0	1000	900	0	0
16	1	12.66	0	2100	-800	0	0
];

end