function SistemaZhu2002 = SistemaZhu2002A()

% Demanda de potência ativa e reativa nas barras
% No	Tipo	Vpu	Teta	Pcarga	Qcarga	Pger	Qger
SistemaZhu2002 = [
1	3	12.66	0	0	0	0	0
2	1	12.66	0	100	60	0	0
3	1	12.66	0	90	40	0	0
4	1	12.66	0	120	80	0	0
5	1	12.66	0	60	30	0	0
6	1	12.66	0	60	20	0	0
7	1	12.66	0	200	100	0	0
8	1	12.66	0	200	100	0	0
9	1	12.66	0	60	20	0	0
10	1	12.66	0	60	20	0	0
11	1	12.66	0	45	30	0	0
12	1	12.66	0	60	35	0	0
13	1	12.66	0	60	35	0	0
14	1	12.66	0	120	80	0	0
15	1	12.66	0	60	10	0	0
16	1	12.66	0	60	20	0	0
17	1	12.66	0	60	20	0	0
18	1	12.66	0	90	40	0	0
19	1	12.66	0	90	40	0	0
20	1	12.66	0	90	40	0	0
21	1	12.66	0	90	40	0	0
22	1	12.66	0	90	40	0	0
23	1	12.66	0	90	50	0	0
24	1	12.66	0	420	200	0	0
25	1	12.66	0	420	200	0	0
26	1	12.66	0	60	25	0	0
27	1	12.66	0	60	25	0	0
28	1	12.66	0	60	20	0	0
29	1	12.66	0	120	70	0	0
30	1	12.66	0	200	600	0	0
31	1	12.66	0	150	70	0	0
32	1	12.66	0	210	100	0	0
33	1	12.66	0	60	40	0	0
];

end