function barras = Sistema417barras()
% Demanda de potência ativa e reativa nas barras
% No	Tipo	Vpu	Teta	Pcarga	Qcarga	Pger	Qger
barras = [
1	3	10	0	0.1	0	0	0
2	1	10	0	0.1	0	0	0
3	1	10	0	122	59	0	0
4	1	10	0	0.1	0	0	0
5	1	10	0	0.1	0	0	0
6	1	10	0	114	55	0	0
7	1	10	0	51	25	0	0
8	1	10	0	83	40	0	0
9	1	10	0	0.1	0	0	0
10	1	10	0	122	59	0	0
11	1	10	0	122	59	0	0
12	1	10	0	77	37	0	0
13	1	10	0	0.1	0	0	0
14	1	10	0	68	33	0	0
15	1	10	0	71	34	0	0
16	1	10	0	0.1	0	0	0
17	1	10	0	0.1	0	0	0
18	1	10	0	77	37	0	0
19	1	10	0	30	14	0	0
20	1	10	0	13	6	0	0
21	1	10	0	1	0	0	0
22	1	10	0	194	94	0	0
23	1	10	0	77	37	0	0
24	1	10	0	77	37	0	0
25	1	10	0	77	37	0	0
26	1	10	0	122	59	0	0
27	1	10	0	104	51	0	0
28	1	10	0	0.1	0	0	0
29	1	10	0	77	37	0	0
30	1	10	0	243	118	0	0
31	1	10	0	77	37	0	0
32	1	10	0	77	37	0	0
33	1	10	0	0.1	0	0	0
34	1	10	0	121	58	0	0
35	1	10	0	194	94	0	0
36	1	10	0	122	59	0	0
37	1	10	0	77	37	0	0
38	1	10	0	0.1	0	0	0
39	1	10	0	0.1	0	0	0
40	1	10	0	96	47	0	0
41	1	10	0	122	59	0	0
42	1	10	0	70	34	0	0
43	1	10	0	58	28	0	0
44	1	10	0	0.1	0	0	0
45	1	10	0	122	59	0	0
46	1	10	0	122	59	0	0
47	1	10	0	122	59	0	0
48	1	10	0	86	42	0	0
49	1	10	0	77	37	0	0
50	1	10	0	0.1	0	0	0
51	1	10	0	122	59	0	0
52	1	10	0	122	59	0	0
53	1	10	0	122	59	0	0
54	1	10	0	0.1	0	0	0
55	1	10	0	42	20	0	0
56	1	10	0	122	59	0	0
57	1	10	0	13	6	0	0
58	1	10	0	77	37	0	0
59	1	10	0	50	24	0	0
60	1	10	0	0.1	0	0	0
61	1	10	0	60	29	0	0
62	1	10	0	71	34	0	0
63	1	10	0	122	59	0	0
64	1	10	0	77	37	0	0
65	1	10	0	95	46	0	0
66	1	10	0	121	58	0	0
67	1	10	0	77	37	0	0
68	1	10	0	103	50	0	0
69	1	10	0	52	25	0	0
70	1	10	0	57	27	0	0
71	1	10	0	171	83	0	0
72	1	10	0	121	58	0	0
73	1	10	0	39	19	0	0
74	1	10	0	119	58	0	0
75	1	10	0	49	24	0	0
76	1	10	0	0.1	0	0	0
77	1	10	0	50	24	0	0
78	1	10	0	44	21	0	0
79	1	10	0	82	40	0	0
80	1	10	0	132	64	0	0
81	1	10	0	194	94	0	0
82	1	10	0	0.1	0	0	0
83	1	10	0	122	59	0	0
84	1	10	0	3	1	0	0
85	1	10	0	52	25	0	0
86	1	10	0	103	50	0	0
87	1	10	0	21	10	0	0
88	1	10	0	21	10	0	0
89	1	10	0	21	10	0	0
90	1	10	0	5	3	0	0
91	1	10	0	0.1	0	0	0
92	1	10	0	0.1	0	0	0
93	1	10	0	21	10	0	0
94	1	10	0	18	9	0	0
95	1	10	0	122	59	0	0
96	1	10	0	116	56	0	0
97	1	10	0	7	3	0	0
98	1	10	0	64	31	0	0
99	1	10	0	49	24	0	0
100	1	10	0	16	8	0	0
101	1	10	0	77	37	0	0
102	1	10	0	119	58	0	0
103	1	10	0	71	34	0	0
104	1	10	0	77	37	0	0
105	1	10	0	194	94	0	0
106	1	10	0	122	59	0	0
107	1	10	0	55	27	0	0
108	1	10	0	38	18	0	0
109	1	10	0	22	10	0	0
110	1	10	0	0.1	0	0	0
111	1	10	0	77	37	0	0
112	1	10	0	122	59	0	0
113	1	10	0	38	18	0	0
114	1	10	0	122	59	0	0
115	1	10	0	27	13	0	0
116	1	10	0	64	31	0	0
117	1	10	0	0.1	0	0	0
118	1	10	0	0.1	0	0	0
119	1	10	0	0.1	0	0	0
120	1	10	0	0.1	0	0	0
121	1	10	0	79	38	0	0
122	1	10	0	247	119	0	0
123	1	10	0	0.1	0	0	0
124	1	10	0	0.1	0	0	0
125	1	10	0	0.1	0	0	0
126	1	10	0	0.1	0	0	0
127	1	10	0	0.1	0	0	0
128	1	10	0	0.1	0	0	0
129	1	10	0	77	37	0	0
130	1	10	0	122	59	0	0
131	1	10	0	62	30	0	0
132	1	10	0	105	51	0	0
133	1	10	0	122	59	0	0
134	1	10	0	77	37	0	0
135	1	10	0	77	37	0	0
136	1	10	0	0.1	0	0	0
137	1	10	0	85	41	0	0
138	1	10	0	8	4	0	0
139	1	10	0	122	59	0	0
140	1	10	0	35	17	0	0
141	1	10	0	55	27	0	0
142	1	10	0	153	74	0	0
143	1	10	0	316	153	0	0
144	1	10	0	105	51	0	0
145	1	10	0	20	10	0	0
146	1	10	0	95	46	0	0
147	1	10	0	38	18	0	0
148	1	10	0	83	40	0	0
149	1	10	0	50	24	0	0
150	1	10	0	77	37	0	0
151	1	10	0	122	59	0	0
152	1	10	0	102	49	0	0
153	1	10	0	60	29	0	0
154	1	10	0	77	37	0	0
155	1	10	0	194	94	0	0
156	1	10	0	56	27	0	0
157	1	10	0	122	59	0	0
158	1	10	0	0.1	0	0	0
159	1	10	0	3	1	0	0
160	1	10	0	1	0	0	0
161	1	10	0	52	25	0	0
162	1	10	0	194	94	0	0
163	1	10	0	10	5	0	0
164	1	10	0	128	62	0	0
165	1	10	0	16	8	0	0
166	1	10	0	37	18	0	0
167	1	10	0	154	75	0	0
168	1	10	0	0.1	0	0	0
169	1	10	0	0.1	0	0	0
170	1	10	0	78	38	0	0
171	1	10	0	0.1	0	0	0
172	1	10	0	27	13	0	0
173	1	10	0	103	50	0	0
174	1	10	0	122	59	0	0
175	1	10	0	72	35	0	0
176	1	10	0	0.1	0	0	0
177	1	10	0	122	59	0	0
178	1	10	0	194	94	0	0
179	1	10	0	0.1	0	0	0
180	1	10	0	77	37	0	0
181	1	10	0	82	40	0	0
182	1	10	0	53	26	0	0
183	1	10	0	122	59	0	0
184	1	10	0	64	31	0	0
185	1	10	0	86	42	0	0
186	1	10	0	82	40	0	0
187	1	10	0	0.1	0	0	0
188	1	10	0	167	81	0	0
189	1	10	0	0.1	0	0	0
190	1	10	0	0.1	0	0	0
191	1	10	0	131	64	0	0
192	1	10	0	21	10	0	0
193	1	10	0	21	10	0	0
194	1	10	0	21	10	0	0
195	1	10	0	21	10	0	0
196	1	10	0	0.1	0	0	0
197	1	10	0	0.1	0	0	0
198	1	10	0	0.1	0	0	0
199	1	10	0	0.1	0	0	0
200	1	10	0	0.1	0	0	0
201	1	10	0	52	25	0	0
202	1	10	0	202	98	0	0
203	1	10	0	202	98	0	0
204	1	10	0	73	35	0	0
205	1	10	0	81	39	0	0
206	1	10	0	115	56	0	0
207	1	10	0	118	57	0	0
208	1	10	0	318	154	0	0
209	1	10	0	161	78	0	0
210	1	10	0	126	61	0	0
211	1	10	0	59	29	0	0
212	1	10	0	24	12	0	0
213	1	10	0	24	12	0	0
214	1	10	0	5	2	0	0
215	1	10	0	126	61	0	0
216	1	10	0	56	27	0	0
217	1	10	0	62	30	0	0
218	1	10	0	0.1	0	0	0
219	1	10	0	32	15	0	0
220	1	10	0	158	77	0	0
221	1	10	0	126	61	0	0
222	1	10	0	202	98	0	0
223	1	10	0	41	20	0	0
224	1	10	0	81	39	0	0
225	1	10	0	126	61	0	0
226	1	10	0	202	98	0	0
227	1	10	0	18	9	0	0
228	1	10	0	202	98	0	0
229	1	10	0	106	51	0	0
230	1	10	0	175	85	0	0
231	1	10	0	174	84	0	0
232	1	10	0	113	55	0	0
233	1	10	0	202	98	0	0
234	1	10	0	0.1	0	0	0
235	1	10	0	202	98	0	0
236	1	10	0	403	195	0	0
237	1	10	0	202	98	0	0
238	1	10	0	126	61	0	0
239	1	10	0	0.1	0	0	0
240	1	10	0	29	14	0	0
241	1	10	0	9	4	0	0
242	1	10	0	5	2	0	0
243	1	10	0	0.1	0	0	0
244	1	10	0	18	9	0	0
245	1	10	0	45	22	0	0
246	1	10	0	32	16	0	0
247	1	10	0	61	30	0	0
248	1	10	0	81	39	0	0
249	1	10	0	126	61	0	0
250	1	10	0	23	11	0	0
251	1	10	0	14	7	0	0
252	1	10	0	18	9	0	0
253	1	10	0	126	61	0	0
254	1	10	0	5	3	0	0
255	1	10	0	26	13	0	0
256	1	10	0	18	9	0	0
257	1	10	0	126	61	0	0
258	1	10	0	81	39	0	0
259	1	10	0	0.1	0	0	0
260	1	10	0	126	61	0	0
261	1	10	0	41	20	0	0
262	1	10	0	0.1	0	0	0
263	1	10	0	28	14	0	0
264	1	10	0	30	14	0	0
265	1	10	0	81	39	0	0
266	1	10	0	202	98	0	0
267	1	10	0	318	154	0	0
268	1	10	0	176	85	0	0
269	1	10	0	126	61	0	0
270	1	10	0	6	3	0	0
271	1	10	0	31	15	0	0
272	1	10	0	60	29	0	0
273	1	10	0	56	27	0	0
274	1	10	0	126	61	0	0
275	1	10	0	118	57	0	0
276	1	10	0	126	61	0	0
277	1	10	0	202	98	0	0
278	1	10	0	10	5	0	0
279	1	10	0	126	61	0	0
280	1	10	0	202	98	0	0
281	1	10	0	318	154	0	0
282	1	10	0	82	40	0	0
283	1	10	0	126	61	0	0
284	1	10	0	22	10	0	0
285	1	10	0	13	6	0	0
286	1	10	0	71	34	0	0
287	1	10	0	101	49	0	0
288	1	10	0	113	54	0	0
289	1	10	0	126	61	0	0
290	1	10	0	0.1	0	0	0
291	1	10	0	34	17	0	0
292	1	10	0	83	40	0	0
293	1	10	0	59	29	0	0
294	1	10	0	126	61	0	0
295	1	10	0	145	70	0	0
296	1	10	0	202	98	0	0
297	1	10	0	50	24	0	0
298	1	10	0	41	20	0	0
299	1	10	0	202	98	0	0
300	1	10	0	77	37	0	0
301	1	10	0	161	78	0	0
302	1	10	0	477	231	0	0
303	1	10	0	68	33	0	0
304	1	10	0	14	7	0	0
305	1	10	0	4	2	0	0
306	1	10	0	0.1	0	0	0
307	1	10	0	66	32	0	0
308	1	10	0	0.1	0	0	0
309	1	10	0	60	29	0	0
310	1	10	0	95	46	0	0
311	1	10	0	0.1	0	0	0
312	1	10	0	19	9	0	0
313	1	10	0	67	32	0	0
314	1	10	0	18	9	0	0
315	1	10	0	33	16	0	0
316	1	10	0	21	10	0	0
317	1	10	0	33	16	0	0
318	1	10	0	42	20	0	0
319	1	10	0	52	25	0	0
320	1	10	0	43	21	0	0
321	1	10	0	126	61	0	0
322	1	10	0	107	52	0	0
323	1	10	0	202	98	0	0
324	1	10	0	126	61	0	0
325	1	10	0	24	12	0	0
326	1	10	0	101	49	0	0
327	1	10	0	81	39	0	0
328	1	10	0	155	75	0	0
329	1	10	0	23	11	0	0
330	1	10	0	31	15	0	0
331	1	10	0	126	61	0	0
332	1	10	0	13	6	0	0
333	1	10	0	56	27	0	0
334	1	10	0	120	58	0	0
335	1	10	0	126	61	0	0
336	1	10	0	403	195	0	0
337	1	10	0	81	39	0	0
338	1	10	0	177	86	0	0
339	1	10	0	151	73	0	0
340	1	10	0	9	4	0	0
341	1	10	0	29	14	0	0
342	1	10	0	14	7	0	0
343	1	10	0	23	11	0	0
344	1	10	0	45	22	0	0
345	1	10	0	0.1	0	0	0
346	1	10	0	36	17	0	0
347	1	10	0	5	2	0	0
348	1	10	0	9	4	0	0
349	1	10	0	80	39	0	0
350	1	10	0	0.1	0	0	0
351	1	10	0	0.1	0	0	0
352	1	10	0	0.1	0	0	0
353	1	10	0	0.1	0	0	0
354	1	10	0	0.1	0	0	0
355	1	10	0	0.1	0	0	0
356	1	10	0	0.1	0	0	0
357	1	10	0	0.1	0	0	0
358	1	10	0	0.1	0	0	0
359	1	10	0	0.1	0	0	0
360	1	10	0	0.1	0	0	0
361	1	10	0	0.1	0	0	0
362	1	10	0	0.1	0	0	0
363	1	10	0	0.1	0	0	0
364	1	10	0	0.1	0	0	0
365	1	10	0	0.1	0	0	0
366	1	10	0	0.1	0	0	0
367	1	10	0	0.1	0	0	0
368	1	10	0	0.1	0	0	0
369	1	10	0	0.1	0	0	0
370	1	10	0	0.1	0	0	0
371	1	10	0	0.1	0	0	0
372	1	10	0	0.1	0	0	0
373	1	10	0	0.1	0	0	0
374	1	10	0	0.1	0	0	0
375	1	10	0	0.1	0	0	0
