function branchs = Sistema417branchs()
% De	Para	R(pus)	X(pus)	Comprimento(km)	Ampacidade(A)

branchs = [
384	68	0.0310675	0.02142	1	300
89	67	0.1078225	0.07434	1	300
225	224	0.069445	0.04788	1	300
21	72	0.193715	0.13356	1	300
66	384	0.0347225	0.02394	1	300
3	20	0.610385	0.42084	1	300
224	222	0.069445	0.04788	1	300
72	74	0.02193	0.01512	1	300
70	382	0.0310675	0.02142	1	300
20	51	0.08772	0.06048	1	300
222	221	0.08772	0.06048	1	300
76	72	0.054825	0.0378	1	300
382	66	0.032895	0.02268	1	300
51	52	0.069445	0.04788	1	300
221	220	0.084065	0.05796	1	300
75	81	0.084065	0.05796	1	300
59	70	0.0537285	0.037044	1	300
52	56	0.11696	0.08064	1	300
1	273	0.0142545	0.009828	1	300
81	76	0.0529975	0.03654	1	300
68	85	0.02924	0.02016	1	300
56	27	0.09503	0.06552	1	300
1	274	0.115498	0.079632	1	300
74	75	0.105995	0.07308	1	300
68	93	0.084065	0.05796	1	300
27	31	0.10234	0.07056	1	300
274	275	0.0836995	0.057708	1	300
72	73	0.098685	0.06804	1	300
60	58	0.010965	0.00756	1	300
31	40	0.105995	0.07308	1	300
275	209	0.139621	0.096264	1	300
73	80	0.0731	0.0504	1	300
65	71	0.0712725	0.04914	1	300
40	47	0.091375	0.063	1	300
275	276	0.1158635	0.079884	1	300
73	77	0.076755	0.05292	1	300
69	65	0.0310675	0.02142	1	300
51	54	0.054825	0.0378	1	300
276	264	0.1151325	0.07938	1	300
77	78	0.05117	0.03528	1	300
59	69	0.021199	0.014616	1	300
54	24	0.0731	0.0504	1	300
263	264	0.068714	0.047376	1	300
79	83	0.24123	0.16632	1	300
63	61	0.10965	0.0756	1	300
24	29	0.09503	0.06552	1	300
262	263	0.0630936	0.0532656	1	300
82	80	0.0731	0.0504	1	300
71	63	0.022661	0.015624	1	300
29	34	0.1151325	0.07938	1	300
261	262	0.037973	0.032058	1	300
78	79	0.02193	0.01512	1	300
61	60	0.04386	0.03024	1	300
34	47	0.1736125	0.1197	1	300
259	261	0.0511175	0.043155	1	300
83	90	0.1209805	0.083412	1	300
58	62	0.129387	0.089208	1	300
47	21	0.084065	0.05796	1	300
257	259	0.068714	0.047376	1	300
77	59	0.38743	0.26712	1	300
64	67	0.0449565	0.030996	1	300
20	44	0.01462	0.01008	1	300
372	239	0.0265811	0.0224406	1	300
123	1	0.013524	0.015953	1	300
67	68	0.086258	0.059472	1	300
44	25	0.127925	0.0882	1	300
264	265	0.072369	0.049896	1	300
120	94	0.2538284	0.2584552	1	300
62	64	0.0603075	0.04158	1	300
25	35	0.127925	0.0882	1	300
369	347	0.13158	0.09072	1	300
120	123	0.294875	0.30025	1	300
58	20	0.59211	0.40824	1	300
35	38	0.08041	0.05544	1	300
369	370	0.208335	0.14364	1	300
114	115	0.047515	0.03276	1	300
1	92	0.388892	0.268128	1	300
38	41	0.1041675	0.07182	1	300
370	348	0.1187875	0.0819	1	300
115	112	0.040205	0.02772	1	300
92	2	0.3410115	0.235116	1	300
41	43	0.11696	0.08064	1	300
383	251	0.010965	0.00756	1	300
94	113	0.032895	0.02268	1	300
92	87	0.0128524	0.0108504	1	300
43	48	0.08041	0.05544	1	300
383	370	0.018275	0.0126	1	300
113	114	0.076755	0.05292	1	300
2	17	0.08772	0.06048	1	300
48	50	0.0731	0.0504	1	300
208	277	0.067252	0.046368	1	300
106	95	0.084065	0.05796	1	300
6	7	0.040205	0.02772	1	300
20	33	0.06579	0.04536	1	300
277	278	0.032895	0.02268	1	300
95	112	0.032895	0.02268	1	300
7	3	0.051901	0.035784	1	300
84	33	0.0420325	0.02898	1	300
277	279	0.048246	0.033264	1	300
94	111	0.06579	0.04536	1	300
18	5	0.1224425	0.08442	1	300
28	36	0.091375	0.063	1	300
279	280	0.034357	0.023688	1	300
111	106	0.06579	0.04536	1	300
5	6	0.0493425	0.03402	1	300
36	45	0.13158	0.09072	1	300
280	281	0.062135	0.04284	1	300
119	121	0.0102235	0.008631	1	300
17	18	0.11696	0.08064	1	300
49	45	0.04386	0.03024	1	300
281	235	0.0493425	0.03402	1	300
94	119	0.056028	0.066091	1	300
2	14	0.0164475	0.01134	1	300
55	23	0.076755	0.05292	1	300
281	282	0.0537285	0.037044	1	300
118	84	0.040205	0.02772	1	300
8	9	0.09503	0.06552	1	300
23	28	0.069445	0.04788	1	300
235	234	0.083334	0.057456	1	300
119	122	0.05117	0.03528	1	300
9	3	0.01462	0.01008	1	300
33	55	0.04386	0.03024	1	300
235	236	0.0420325	0.02898	1	300
122	118	0.201025	0.1386	1	300
16	19	0.157165	0.10836	1	300
21	50	0.03655	0.0252	1	300
208	236	0.076755	0.05292	1	300
104	105	0.049657	0.041922	1	300
19	8	0.02193	0.01512	1	300
32	44	0.25585	0.1764	1	300
232	349	0.075946	0.064116	1	300
84	104	0.0731	0.0504	1	300
14	16	0.098685	0.06804	1	300
37	32	0.105995	0.07308	1	300
349	207	0.032131	0.027126	1	300
105	108	0.06579	0.04536	1	300
2	13	0.032131	0.027126	1	300
42	37	0.0676175	0.04662	1	300
380	229	0.0411861	0.0347706	1	300
109	108	0.049657	0.041922	1	300
4	12	0.067183	0.056718	1	300
46	42	0.025585	0.01764	1	300
229	228	0.0630936	0.0532656	1	300
84	109	0.047515	0.03276	1	300
12	15	0.105156	0.088776	1	300
46	50	0.03655	0.0252	1	300
232	231	0.0968575	0.06678	1	300
110	84	0.04386	0.03024	1	300
15	11	0.1329055	0.112203	1	300
21	49	0.135235	0.09324	1	300
232	293	0.0749275	0.05166	1	300
103	110	0.076755	0.05292	1	300
13	4	0.0452755	0.038223	1	300
39	30	0.11696	0.08064	1	300
293	236	0.069445	0.04788	1	300
107	103	0.054825	0.0378	1	300
11	86	0.035052	0.029592	1	300
49	39	0.08772	0.06048	1	300
221	344	0.02924	0.02016	1	300
84	107	0.06579	0.04536	1	300
86	91	0.09503	0.06552	1	300
53	22	0.040205	0.02772	1	300
304	306	0.069445	0.04788	1	300
97	116	0.04386	0.03024	1	300
10	11	0.046736	0.039456	1	300
30	26	0.054825	0.0378	1	300
378	377	0.1114775	0.07686	1	300
84	99	0.13158	0.09072	1	300
3	10	0.1078225	0.07434	1	300
26	53	0.1005125	0.0693	1	300
304	378	0.0588455	0.040572	1	300
101	96	0.105995	0.07308	1	300
10	88	0.1095375	0.092475	1	300
22	33	0.04386	0.03024	1	300
309	307	0.098685	0.06804	1	300
100	101	0.05848	0.04032	1	300
88	89	0.08041	0.05544	1	300
21	57	0.215645	0.14868	1	300
314	317	0.0815065	0.056196	1	300
102	100	0.054825	0.0378	1	300
99	102	0.05117	0.03528	1	300
187	167	0.084709	0.071514	1	300
314	318	0.072369	0.049896	1	300
138	194	0.0127925	0.00882	1	300
96	117	0.0785825	0.05418	1	300
167	175	0.090551	0.076446	1	300
301	305	0.04386	0.03024	1	300
155	151	0.069445	0.04788	1	300
117	97	0.040205	0.02772	1	300
175	181	0.084709	0.071514	1	300
310	315	0.061404	0.042336	1	300
126	124	0.02924	0.02016	1	300
98	94	0.040205	0.02772	1	300
160	180	0.04386	0.03024	1	300
310	305	0.082603	0.056952	1	300
1	351	0.22661	0.15624	1	300
116	98	0.062135	0.04284	1	300
180	177	0.054825	0.0378	1	300
129	346	0.261698	0.180432	1	300
1	350	0.22661	0.15624	1	300
57	147	0.157165	0.10836	1	300
169	162	0.076755	0.05292	1	300
90	370	0.157896	0.108864	1	300
350	203	0.023392	0.016128	1	300
153	141	0.073025	0.06165	1	300
162	183	0.084065	0.05796	1	300
382	383	0.1502205	0.103572	1	300
351	379	0.023392	0.016128	1	300
147	142	0.105995	0.07308	1	300
183	182	0.032895	0.02268	1	300
66	252	0.192984	0.133056	1	300
203	204	0.0511175	0.043155	1	300
142	136	0.08041	0.05544	1	300
160	181	0.091375	0.063	1	300
384	243	0.227341	0.156744	1	300
204	205	0.062135	0.04284	1	300
132	153	0.08772	0.06048	1	300
181	178	0.05848	0.04032	1	300
85	244	0.1399865	0.096516	1	300
203	206	0.1034034	0.0872964	1	300
136	132	0.149855	0.10332	1	300
171	163	0.064262	0.054252	1	300
352	414	0.0705415	0.048636	1	300
379	380	0.1034034	0.0872964	1	300
57	149	0.069445	0.04788	1	300
163	184	0.075946	0.064116	1	300
414	385	0.0720035	0.049644	1	300
206	207	0.0598805	0.050553	1	300
57	125	0.091375	0.063	1	300
160	129	0.227838	0.192348	1	300
414	401	0.0727345	0.050148	1	300
1	375	0.010965	0.00756	1	300
127	124	0.02924	0.02016	1	300
129	141	0.032131	0.027126	1	300
401	386	0.059211	0.040824	1	300
208	209	0.0383775	0.02646	1	300
128	127	0.27047	0.18648	1	300
131	157	0.03655	0.0252	1	300
401	402	0.070907	0.048888	1	300
209	210	0.11696	0.08064	1	300
125	128	0.02193	0.01512	1	300
130	131	0.054825	0.0378	1	300
402	387	0.0566525	0.03906	1	300
209	211	0.0559215	0.038556	1	300
200	119	0.076755	0.05292	1	300
141	130	0.046736	0.039456	1	300
402	403	0.0595765	0.041076	1	300
211	1	0.056287	0.038808	1	300
200	201	0.00731	0.00504	1	300
157	133	0.113305	0.07812	1	300
403	388	0.083334	0.057456	1	300
375	202	0.149855	0.10332	1	300
158	200	0.02193	0.01512	1	300
133	140	0.105995	0.07308	1	300
403	404	0.0683485	0.047124	1	300
202	1	0.48246	0.33264	1	300
124	158	0.10234	0.07056	1	300
140	147	0.15351	0.10584	1	300
368	345	0.1151325	0.07938	1	300
373	352	0.1041675	0.07182	1	300
199	192	0.01462	0.01008	1	300
