function branchs = Sistema703branchsCemig()
% De	Para	R(pus)	X(pus)	Comprimento(km)	Ampacidade(A)
branchs = [
1	2	0.0021912	-0.002464	1	439
2	3	0.01227072	-0.0137984	1	439
3	4	0.0025896	-0.002912	1	439
4	5	0.0028696	-0.0014416	1	386
5	6	0.086088	-0.043248	1	386
6	7	0.0250035	-0.012561	1	386
7	8	0.0507455	-0.025493	1	386
8	9	0.0070263	-0.0035298	1	386
9	10	0.0230834	-0.0115964	1	386
10	11	0.0134618	-0.0067628	1	386
11	12	0.0073217	-0.0036782	1	386
12	13	0.0308482	-0.0154972	1	386
13	14	0.0156773	-0.0078758	1	386
14	15	0.0073217	-0.0036782	1	386
15	16	0.0380011	-0.0190906	1	386
16	17	0.0332958	-0.0167268	1	386
17	18	0.0029329	-0.0014734	1	386
17	20	0.0145801	-0.0073246	1	386
18	19	1.00E-06	1.00E-06	1	630
20	21	0.0345829	-0.0173734	1	386
21	22	0.004853	-0.002438	1	386
21	23	0.00960441	-0.0101529	1	456
22	43	1.00E-06	1.00E-06	1	630
23	24	1.00E-06	1.00E-06	1	630
24	25	0.00437013	-0.0046197	1	456
25	26	0.00244431	-0.0025839	1	456
26	27	0.01291287	-0.0136503	1	456
26	28	1.00E-06	1.00E-06	1	100
27	31	1.00E-06	1.00E-06	1	600
28	29	0.0079008	-0.008352	1	456
29	30	0.01441666	-0.00288548	1	143
31	32	0.01187589	-0.0125541	1	456
32	33	0.00409854	-0.0043326	1	456
32	34	0.00674037	-0.0071253	1	456
33	36	1.00E-06	1.00E-06	1	630
34	35	1.00E-06	1.00E-06	1	630
36	37	0.00308625	-0.0032625	1	456
37	38	0.00597498	-0.0063162	1	456
37	39	1.00E-06	1.00E-06	1	100
38	41	0.01348074	-0.0142506	1	456
39	40	0.018261	-0.0080316	1	149
41	42	1.00E-06	1.00E-06	1	630
43	44	0.0260163	-0.0130698	1	386
44	45	0.0062667	-0.0031482	1	386
45	46	0.0057392	-0.0028832	1	386
46	47	0.0293923	-0.0147658	1	386
47	48	0.0241595	-0.012137	1	386
48	49	0.005275	-0.00265	1	386
49	50	0.0109931	-0.0055226	1	386
50	51	0.0142425	-0.007155	1	386
51	52	0.0142214	-0.0071444	1	386
52	53	0.0120692	-0.0060632	1	386
53	54	0.0159094	-0.0079924	1	386
54	55	0.0022788	-0.0011448	1	386
55	56	0.0400056	-0.0200976	1	386
56	57	1.00E-06	1.00E-06	1	630
57	58	0.0087987	-0.0044202	1	386
58	59	0.00308625	-0.0032625	1	456
58	61	0.0032097	-0.003393	1	456
59	60	1.00E-06	1.00E-06	1	630
61	62	0.00753286	-0.004396	1	425
61	63	1.00E-06	1.00E-06	1	600
62	65	0.00266652	-0.0028188	1	456
63	64	0.00664161	-0.0070209	1	456
65	66	0.00508614	-0.0053766	1	456
66	67	0.01607319	-0.0169911	1	456
68	69	0.002739	-0.00308	1	439
69	70	0.01227072	-0.0137984	1	439
70	71	0.00799788	-0.0089936	1	439
71	72	0.00603806	-0.01146509	1	425
72	73	1.00E-06	1.00E-06	1	600
73	74	0.03955832	-0.07511348	1	425
74	75	0.0145435	-0.02761525	1	425
75	76	1.00E-06	1.00E-06	1	600
76	77	0.0062186	-0.0118079	1	425
77	78	0.00413236	-0.00784654	1	425
77	79	0.0062186	-0.0118079	1	425
78	82	1.00E-06	1.00E-06	1	600
79	80	0.00603806	-0.01146509	1	425
80	81	1.00E-06	1.00E-06	1	600
82	83	0.00453356	-0.00860834	1	425
83	84	0.07423576	-0.03060192	1	225
83	85	0.03301876	-0.06269614	1	425
85	86	0.11540518	-0.21913177	1	425
85	87	0.0330727	-0.01454612	1	149
86	88	1.00E-06	1.00E-06	1	600
88	89	0.02152438	-0.04087057	1	425
89	90	0.00680034	-0.01291251	1	425
89	91	0.0181543	-0.03447145	1	425
91	92	0.02270792	-0.04311788	1	425
92	93	1.00E-06	1.00E-06	1	600
93	94	0.00497488	-0.00944632	1	425
94	95	0.01983632	-0.02507575	1	314
94	96	0.00128384	-0.00243776	1	425
94	97	0.00926544	-0.01171275	1	314
95	121	0.01107312	-0.02102568	1	425
95	122	0.01149424	-0.01453025	1	314
96	106	0.013515	-0.00907784	1	201
96	107	1.00E-06	1.00E-06	1	100
97	98	0.0032097	-0.003393	1	456
97	99	0.0304072	-0.03843875	1	314
98	104	1.00E-06	1.00E-06	1	100
99	100	0.00706848	-0.0089355	1	314
100	101	0.00932912	-0.01179325	1	314
100	103	0.07415995	-0.03261722	1	149
101	102	1.00E-06	1.00E-06	1	630
104	105	0.00629236	-0.0013912	1	116
106	109	1.00E-06	1.00E-06	1	100
107	108	0.02627555	-0.01155658	1	149
109	110	0.02071875	-0.0139165	1	201
110	111	0.0455175	-0.03057348	1	201
111	112	0.0073044	-0.00321264	1	149
112	113	0.02196018	-0.00905256	1	225
113	114	0.02506566	-0.01033272	1	225
114	115	0.0225517	-0.0092964	1	225
115	116	1.00E-06	1.00E-06	1	100
116	117	0.03276835	-0.01441226	1	149
117	118	0.0340872	-0.01499232	1	149
118	119	0.18027665	-0.07928974	1	149
119	120	0.05894245	-0.02592422	1	149
122	123	0.01073008	-0.01356425	1	314
123	124	1.00E-06	1.00E-06	1	400
124	125	0.01658864	-0.02097025	1	314
125	126	0.0370936	-0.04689125	1	314
126	127	0.02728688	-0.03449425	1	314
127	128	0.03257232	-0.04117575	1	314
128	129	0.01279828	-0.02430142	1	425
129	130	0.01155456	-0.02193984	1	425
129	131	0.01292704	-0.0163415	1	314
130	287	0.01368092	-0.02597738	1	425
131	132	1.00E-06	1.00E-06	1	600
132	133	0.01381824	-0.008064	1	425
133	134	0.00537376	-0.003136	1	425
134	135	0.00870837	-0.005082	1	425
135	136	0.0034102	-0.0064753	1	425
135	137	0.00362249	-0.002114	1	425
135	138	0.00162486	-0.00308529	1	425
136	272	1.00E-06	1.00E-06	1	630
137	149	0.00654927	-0.003822	1	425
137	150	1.00E-06	1.00E-06	1	100
138	139	1.00E-06	1.00E-06	1	100
139	140	0.0062186	-0.0118079	1	425
140	141	0.00603806	-0.01146509	1	425
141	142	0.02952195	-0.01298442	1	149
141	143	1.00E-06	1.00E-06	1	100
142	145	0.0111595	-0.0049082	1	149
142	146	0.08937745	-0.03931022	1	149
143	144	0.02871035	-0.01262746	1	149
145	147	1.00E-06	1.00E-06	1	100
147	148	0.07902955	-0.03475898	1	149
149	153	0.01117584	-0.01412775	1	314
150	151	0.0081334	-0.0033528	1	225
151	152	143.2284	-271.9626	1	425
153	154	1.00E-06	1.00E-06	1	100
153	155	0.01732096	-0.021896	1	314
154	271	0.02181175	-0.0095933	1	149
155	156	0.0073232	-0.0092575	1	314
156	157	1.00E-06	1.00E-06	1	630
157	158	0.00990224	-0.01251775	1	314
158	159	0.00990224	-0.01251775	1	314
159	160	0.00194224	-0.00245525	1	314
160	161	0.0345525	-0.02320844	1	201
160	162	0.01120768	-0.014168	1	314
160	163	0.03082112	-0.038962	1	314
161	247	0.01804125	-0.01211806	1	201
161	248	0.1120008	-0.04926048	1	149
162	239	1.00E-06	1.00E-06	1	630
163	164	0.0114624	-0.01449	1	314
163	165	0.06198595	-0.02726282	1	149
164	166	0.06239175	-0.0274413	1	149
166	167	0.01244944	-0.01573775	1	314
166	168	0.03662345	-0.01610782	1	149
167	170	1.00E-06	1.00E-06	1	630
168	169	0.0244002	-0.0100584	1	225
170	171	0.00639984	-0.00809025	1	314
171	172	1.00E-06	1.00E-06	1	630
172	173	0.01152608	-0.0145705	1	314
173	174	0.01111216	-0.01404725	1	314
173	175	0.01157462	-0.02197793	1	425
173	176	0.00272816	-0.00518024	1	425
174	243	0.00770528	-0.0097405	1	314
175	213	1.00E-06	1.00E-06	1	630
176	177	1.00E-06	1.00E-06	1	600
177	178	0.01301894	-0.02472041	1	425
178	179	0.01646926	-0.03127189	1	425
179	180	0.01141414	-0.02167321	1	425
179	181	1.00E-06	1.00E-06	1	100
180	207	1.00E-06	1.00E-06	1	600
181	182	0.06758116	-0.02785872	1	225
182	183	0.02314322	-0.00954024	1	225
183	184	0.05449378	-0.02246376	1	225
183	185	1.00E-06	1.00E-06	1	100
184	187	0.00798552	-0.00329184	1	225
184	188	0.05538106	-0.02282952	1	225
185	186	0.03317415	-0.01459074	1	149
187	189	0.025879	-0.010668	1	225
188	244	1.00E-06	1.00E-06	1	600
189	190	1.00E-06	1.00E-06	1	100
190	191	0.01671044	-0.00688848	1	225
191	192	0.0229214	-0.0094488	1	225
191	193	0.00946432	-0.00390144	1	225
192	195	0.06033504	-0.02487168	1	225
193	194	0.0129395	-0.005334	1	225
195	196	0.158971	-0.065532	1	225
195	197	0.05597258	-0.02307336	1	225
197	198	0.02269958	-0.00935736	1	225
197	199	0.02617476	-0.01078992	1	225
198	205	0.1656256	-0.0682752	1	225
199	200	1.00E-06	1.00E-06	1	100
200	201	0.03859668	-0.01591056	1	225
201	202	0.0484307	-0.0199644	1	225
202	203	0.02129472	-0.00877824	1	225
203	204	0.1821552	-0.0323536	1	175
205	206	0.12251858	-0.05050536	1	225
207	208	0.01897676	-0.03603314	1	425
208	209	0.01352044	-0.02567266	1	425
209	210	0.00780334	-0.01481701	1	425
210	211	0.00826472	-0.01569308	1	425
211	212	0.00780334	-0.01481701	1	425
213	214	0.01301894	-0.02472041	1	425
214	215	0.00108324	-0.00205686	1	425
214	216	0.00674016	-0.01279824	1	425
215	240	0.00540711	-0.0057159	1	456
216	217	0.02231976	-0.0235944	1	456
217	218	0.00795018	-0.0084042	1	456
218	219	1.00E-06	1.00E-06	1	600
219	220	0.01557939	-0.0164691	1	456
220	221	0.01669044	-0.0176436	1	456
221	222	0.00377757	-0.0039933	1	456
221	223	0.00111105	-0.0011745	1	456
