function SistemaHuang2002 = SistemaHuang2002A()

% Demanda de potência ativa e reativa nas barras
% No	Tipo	Vpu	Teta	Pcarga	Qcarga	Pger	Qger
SistemaHuang2002 =[
1	3	12.66	0	0	0	0	0
2	1	12.66	0	0	0	0	0
3	1	12.66	0	0	0	0	0
4	1	12.66	0	0	0	0	0
5	1	12.66	0	0	0	0	0
6	1	12.66	0	0	0	0	0
7	1	12.66	0	2.6	2.2	0	0
8	1	12.66	0	40.4	30	0	0
9	1	12.66	0	75	54	0	0
10	1	12.66	0	30	22	0	0
11	1	12.66	0	28	19	0	0
12	1	12.66	0	145	104	0	0
13	1	12.66	0	145	104	0	0
14	1	12.66	0	8	5.5	0	0
15	1	12.66	0	8	5.5	0	0
16	1	12.66	0	0	0	0	0
17	1	12.66	0	45.5	30	0	0
18	1	12.66	0	60	35	0	0
19	1	12.66	0	60	35	0	0
20	1	12.66	0	0	0	0	0
21	1	12.66	0	1	0.6	0	0
22	1	12.66	0	114	81	0	0
23	1	12.66	0	5.3	3.5	0	0
24	1	12.66	0	0	0	0	0
25	1	12.66	0	28	20	0	0
26	1	12.66	0	0	0	0	0
27	1	12.66	0	14	10	0	0
28	1	12.66	0	14	10	0	0
29	1	12.66	0	26	18.6	0	0
30	1	12.66	0	26	18.6	0	0
31	1	12.66	0	0	0	0	0
32	1	12.66	0	0	0	0	0
33	1	12.66	0	0	0	0	0
34	1	12.66	0	14	10	0	0
35	1	12.66	0	19.5	14	0	0
36	1	12.66	0	6	4	0	0
37	1	12.66	0	26	18.55	0	0
38	1	12.66	0	26	18.55	0	0
39	1	12.66	0	0	0	0	0
40	1	12.66	0	24	17	0	0
41	1	12.66	0	24	17	0	0
42	1	12.66	0	1.2	1	0	0
43	1	12.66	0	0	0	0	0
44	1	12.66	0	6	4.3	0	0
45	1	12.66	0	0	0	0	0
46	1	12.66	0	39.22	26.3	0	0
47	1	12.66	0	39.22	26.3	0	0
48	1	12.66	0	0	0	0	0
49	1	12.66	0	79	56.4	0	0
50	1	12.66	0	384.7	274.5	0	0
51	1	12.66	0	384.7	274.5	0	0
52	1	12.66	0	40.5	28.3	0	0
53	1	12.66	0	3.6	2.7	0	0
54	1	12.66	0	4.35	3.5	0	0
55	1	12.66	0	26.4	19	0	0
56	1	12.66	0	24	17.2	0	0
57	1	12.66	0	0	0	0	0
58	1	12.66	0	0	0	0	0
59	1	12.66	0	0	0	0	0
60	1	12.66	0	100	72	0	0
61	1	12.66	0	0	0	0	0
62	1	12.66	0	1244	888	0	0
63	1	12.66	0	32	23	0	0
64	1	12.66	0	0	0	0	0
65	1	12.66	0	227	162	0	0
66	1	12.66	0	59	42	0	0
67	1	12.66	0	18	13	0	0
68	1	12.66	0	18	13	0	0
69	1	12.66	0	28	20	0	0
70	1	12.66	0	28	20	0	0
];

end
