function SistemaHuang2002 = SistemaHuang2002B()

% De	Para	R(pus)	X(pus)	Comprimento(km)	Ampacidade(A)
SistemaHuang2002=[
1	2	0.0005	0.0012	1	400
2	3	0.0005	0.0012	1	400
3	4	0.0001	0.0001	1	400
3	29	0.0044	0.0108	1	200
4	5	0.0015	0.0036	1	400
4	37	0.0044	0.0108	1	200
5	6	0.0251	0.0294	1	400
5	48	0.0034	0.0084	1	300
6	7	0.366	0.1864	1	400
7	8	0.3811	0.1941	1	400
8	9	0.0922	0.047	1	400
9	10	0.0493	0.0251	1	400
9	52	0.0928	0.0473	1	200
10	11	0.819	0.2707	1	200
10	54	0.174	0.0886	1	300
11	12	0.1872	0.0619	1	200
12	13	0.7114	0.2351	1	200
12	44	0.5	0.5	1	200
12	67	0.2012	0.0611	1	200
13	14	1.03	0.34	1	200
13	69	0.7394	0.2444	1	200
14	15	1.044	0.345	1	200
14	22	0.5	0.5	1	200
15	16	1.058	0.3496	1	200
15	47	1	1	1	200
16	17	0.1966	0.065	1	200
17	18	0.3744	0.1238	1	200
18	19	0.0047	0.0016	1	200
19	20	0.3276	0.1083	1	200
20	21	0.2106	0.0696	1	200
21	22	0.3416	0.1129	1	200
22	23	0.014	0.0046	1	200
23	24	0.1591	0.0526	1	200
24	25	0.3463	0.1145	1	200
25	26	0.7488	0.2475	1	200
26	27	0.3089	0.1021	1	200
27	28	0.1732	0.0572	1	200
28	66	1	1	1	200
29	30	0.064	0.1565	1	200
30	31	0.3978	0.1315	1	200
31	32	0.0702	0.0232	1	200
32	33	0.351	0.116	1	200
33	34	0.839	0.2816	1	200
34	35	1.708	0.5646	1	200
35	36	1.474	0.4873	1	200
37	38	0.064	0.1565	1	200
38	39	0.1053	0.123	1	200
39	40	0.0304	0.0355	1	200
40	41	0.0018	0.0021	1	200
41	42	0.7283	0.8509	1	200
42	43	0.31	0.3623	1	200
43	44	0.041	0.0478	1	200
44	45	0.0092	0.0116	1	200
45	46	0.1089	0.1373	1	200
46	47	0.0009	0.0012	1	200
48	49	0.0851	0.2083	1	300
49	50	0.2898	0.7091	1	300
50	51	0.0822	0.2011	1	300
51	60	2	2	1	200
52	53	0.3319	0.1114	1	200
54	55	0.203	0.1034	1	300
55	56	0.2842	0.1447	1	300
56	57	0.2813	0.1433	1	300
57	58	1.59	0.5337	1	300
58	59	0.7837	0.263	1	300
59	60	0.3042	0.1006	1	300
60	61	0.3861	0.1172	1	300
61	62	0.5075	0.2585	1	300
62	63	0.0974	0.0496	1	300
63	64	0.145	0.0738	1	300
64	65	0.7105	0.3619	1	300
65	66	1.041	0.5302	1	300
67	68	0.0047	0.0014	1	200
69	70	0.0047	0.0016	1	200
];

end
