function chaves = CHAVESSistema417()
% assinatura deve ser:
% IdLinha	No_Emissor	No_Receptor		Tipo		Operacional			Estado
%                                       (NA=1/NF=0)	(0-inativo,1-ativo)	(0-aberta,1-fechada)

chaves = [
1	384	68	2	1	0
2	89	67	2	1	1
3	225	224	2	1	1
4	21	72	2	1	1
5	66	384	2	1	0
6	3	20	2	1	1
7	224	222	2	1	1
8	72	74	2	1	1
9	70	382	2	1	1
10	20	51	2	1	1
11	222	221	2	1	1
12	76	72	2	1	1
13	382	66	2	1	1
14	51	52	2	1	1
15	221	220	2	1	0
16	75	81	2	1	0
17	59	70	2	1	1
18	52	56	2	1	1
19	1	273	2	0	1
20	81	76	2	1	1
21	68	85	2	1	1
22	56	27	2	1	1
23	1	274	2	1	1
24	74	75	2	1	1
25	68	93	2	0	1
26	27	31	2	1	0
27	274	275	2	1	1
28	72	73	2	1	1
29	60	58	2	1	1
30	31	40	2	1	1
31	275	209	2	1	0
32	73	80	2	0	1
33	65	71	2	1	1
34	40	47	2	1	1
35	275	276	2	1	1
36	73	77	2	1	1
37	69	65	2	1	1
38	51	54	2	1	1
39	276	264	2	1	1
40	77	78	2	1	1
41	59	69	2	1	1
42	54	24	2	1	1
43	263	264	2	1	1
44	79	83	2	1	1
45	63	61	2	1	1
46	24	29	2	1	1
47	262	263	2	1	1
48	82	80	2	0	1
49	71	63	2	1	1
50	29	34	2	1	1
51	261	262	2	1	1
52	78	79	2	1	1
53	61	60	2	1	0
54	34	47	2	1	0
55	259	261	2	1	0
56	83	90	2	1	1
57	58	62	2	1	1
58	47	21	2	1	1
59	257	259	2	1	1
60	77	59	2	1	1
61	64	67	2	1	1
62	20	44	2	1	1
63	372	239	2	1	1
64	123	1	2	1	1
65	67	68	2	1	1
66	44	25	2	1	1
67	264	265	2	1	1
68	120	94	2	1	1
69	62	64	2	1	1
70	25	35	2	1	1
71	369	347	2	0	1
72	120	123	2	1	1
73	58	20	2	1	1
74	35	38	2	1	1
75	369	370	2	1	0
76	114	115	2	1	1
77	1	92	2	1	1
78	38	41	2	1	1
79	370	348	2	0	1
80	115	112	2	1	1
81	92	2	2	1	1
82	41	43	2	1	0
83	383	251	2	1	1
84	94	113	2	1	1
85	92	87	2	0	1
86	43	48	2	1	1
87	383	370	2	1	1
88	113	114	2	1	1
89	2	17	2	1	1
90	48	50	2	1	1
91	208	277	2	1	1
92	106	95	2	1	1
93	6	7	2	1	1
94	20	33	2	1	0
95	277	278	2	0	1
96	95	112	2	1	0
97	7	3	2	1	0
98	84	33	2	1	1
99	277	279	2	1	1
100	94	111	2	1	1
101	18	5	2	1	1
102	28	36	2	1	1
103	279	280	2	1	1
104	111	106	2	1	1
105	5	6	2	1	1
106	36	45	2	1	0
107	280	281	2	1	0
108	119	121	2	0	1
109	17	18	2	1	1
110	49	45	2	1	1
111	281	235	2	1	1
112	94	119	2	1	1
113	2	14	2	1	1
114	55	23	2	1	1
115	281	282	2	1	1
116	118	84	2	1	1
117	8	9	2	1	1
118	23	28	2	1	1
119	235	234	2	1	0
120	119	122	2	1	1
121	9	3	2	1	1
122	33	55	2	1	1
123	235	236	2	1	1
124	122	118	2	1	1
125	16	19	2	1	1
126	21	50	2	1	1
127	208	236	2	1	1
128	104	105	2	1	1
129	19	8	2	1	1
130	32	44	2	1	1
131	232	349	2	1	1
132	84	104	2	1	1
133	14	16	2	1	1
134	37	32	2	1	1
135	349	207	2	1	1
136	105	108	2	1	0
137	2	13	2	1	1
138	42	37	2	1	0
139	380	229	2	1	1
140	109	108	2	1	1
141	4	12	2	1	1
142	46	42	2	1	1
143	229	228	2	1	1
144	84	109	2	1	1
145	12	15	2	1	1
146	46	50	2	1	1
147	232	231	2	1	1
148	110	84	2	1	1
149	15	11	2	1	1
150	21	49	2	1	1
151	232	293	2	1	1
152	103	110	2	1	1
153	13	4	2	1	1
154	39	30	2	1	0
155	293	236	2	1	0
156	107	103	2	1	0
157	11	86	2	0	1
158	49	39	2	1	1
159	221	344	2	0	1
160	84	107	2	1	1
161	86	91	2	0	1
162	53	22	2	1	1
163	304	306	2	1	1
164	97	116	2	1	1
165	10	11	2	1	1
166	30	26	2	1	1
167	378	377	2	0	1
168	84	99	2	1	0
169	3	10	2	1	0
170	26	53	2	1	1
171	304	378	2	0	1
172	101	96	2	1	1
173	10	88	2	1	1
174	22	33	2	1	1
175	309	307	2	1	1
176	100	101	2	1	1
177	88	89	2	1	0
178	21	57	2	1	1
179	314	317	2	1	0
180	102	100	2	1	1
181	99	102	2	1	1
182	187	167	2	1	1
183	314	318	2	1	1
184	138	194	2	0	1
185	96	117	2	1	1
186	167	175	2	1	1
187	301	305	2	1	1
188	155	151	2	1	1
189	117	97	2	1	1
190	175	181	2	1	1
191	310	315	2	1	1
192	126	124	2	0	1
193	98	94	2	1	1
194	160	180	2	1	0
195	310	305	2	1	0
196	1	351	2	1	1
197	116	98	2	1	1
198	180	177	2	0	1
199	129	346	2	1	1
200	1	350	2	1	1
201	57	147	2	1	0
202	169	162	2	0	1
203	90	370	2	1	1
204	350	203	2	1	1
205	153	141	2	1	1
206	162	183	2	0	1
207	382	383	2	1	0
208	351	379	2	1	1
209	147	142	2	1	1
210	183	182	2	0	1
211	66	252	2	1	0
212	203	204	2	0	1
213	142	136	2	1	1
214	160	181	2	1	0
215	384	243	2	1	1
216	204	205	2	0	1
217	132	153	2	1	1
218	181	178	2	0	1
219	85	244	2	1	0
220	203	206	2	1	1
221	136	132	2	1	1
222	171	163	2	0	1
223	352	414	2	0	1
224	379	380	2	1	1
225	57	149	2	1	1
226	163	184	2	0	1
227	414	385	2	0	1
228	206	207	2	1	1
229	57	125	2	1	1
230	160	129	2	1	1
231	414	401	2	0	1
232	1	375	2	1	1
233	127	124	2	1	1
234	129	141	2	1	1
235	401	386	2	0	1
236	208	209	2	1	1
237	128	127	2	1	1
238	131	157	2	1	1
239	401	402	2	0	1
240	209	210	2	0	1
241	125	128	2	1	0
242	130	131	2	1	1
243	402	387	2	0	1
244	209	211	2	1	1
245	200	119	2	1	1
246	141	130	2	1	1
247	402	403	2	0	1
248	211	1	2	1	1
249	200	201	2	0	1
250	157	133	2	1	1
251	403	388	2	0	1
252	375	202	2	1	1
253	158	200	2	1	1
254	133	140	2	1	1
255	403	404	2	0	1
256	202	1	2	1	0
257	124	158	2	1	1
258	140	147	2	1	0
259	368	345	2	1	1
260	373	352	2	0	1
261	199	192	2	0	1
262	129	154	2	1	1
263	345	346	2	1	1
264	352	212	2	0	1
265	199	197	2	0	1
266	137	144	2	1	1
267	345	369	2	1	1
268	352	353	2	0	1
269	159	199	2	0	1
270	144	148	2	1	1
271	400	404	2	0	1
272	353	213	2	0	1
273	197	191	2	0	1
274	154	156	2	1	1
275	404	405	2	0	1
276	353	214	2	0	1
277	159	190	2	1	1
278	156	137	2	1	1
279	405	389	2	0	1
280	1	215	2	1	1
281	159	161	2	1	1
282	143	150	2	1	0
283	405	406	2	0	1
284	215	216	2	1	1
285	161	172	2	1	1
286	150	148	2	1	1
287	406	390	2	0	1
288	216	217	2	0	1
289	172	188	2	1	1
290	134	139	2	1	1
291	406	391	2	0	1
292	216	218	2	1	1
293	188	168	2	1	1
294	139	143	2	1	1
295	404	407	2	0	1
296	218	219	2	1	1
297	176	179	2	1	0
298	154	134	2	1	1
299	407	392	2	0	1
300	219	220	2	1	1
301	168	176	2	1	1
302	148	57	2	1	0
303	407	408	2	0	1
304	220	223	2	1	1
305	161	185	2	1	1
306	129	151	2	1	1
307	408	409	2	0	1
308	223	237	2	1	1
309	185	164	2	1	1
310	145	146	2	1	1
311	409	393	2	0	1
312	237	238	2	0	1
313	164	165	2	1	1
314	146	149	2	1	0
315	409	394	2	0	1
316	237	372	2	1	1
317	165	173	2	1	1
318	152	135	2	1	1
319	408	410	2	0	1
320	239	240	2	0	1
321	173	179	2	1	0
322	135	145	2	1	1
323	410	415	2	0	1
324	239	243	2	1	1
325	179	160	2	1	1
326	135	195	2	0	1
327	410	411	2	0	1
328	243	355	2	0	1
329	159	182	2	1	1
330	151	152	2	1	1
331	411	395	2	0	1
332	355	354	2	0	1
333	182	186	2	1	1
334	1	190	2	1	1
335	411	412	2	0	1
336	354	242	2	0	1
337	186	166	2	1	1
338	190	189	2	0	1
339	412	399	2	0	1
340	354	241	2	0	1
341	166	170	2	1	1
342	189	198	2	0	1
343	412	398	2	0	1
344	243	356	2	1	1
345	170	174	2	1	1
346	198	196	2	0	1
347	412	413	2	0	1
348	356	357	2	1	1
349	174	180	2	1	1
350	189	193	2	0	1
351	413	397	2	0	1
352	357	244	2	1	1
353	159	184	2	1	1
354	149	138	2	1	0
355	413	396	2	0	1
356	357	245	2	0	1
357	184	187	2	1	1
358	138	155	2	1	1
359	290	289	2	1	0
360	243	246	2	0	1
361	246	247	2	0	1
362	265	266	2	1	0
363	289	288	2	1	1
364	306	310	2	1	0
365	247	248	2	0	1
366	266	267	2	1	1
367	288	300	2	1	1
368	310	320	2	0	1
369	243	249	2	1	1
370	267	268	2	1	1
371	300	286	2	0	1
372	310	314	2	1	1
373	249	358	2	1	1
374	268	269	2	1	1
375	1	373	2	0	1
376	314	309	2	1	1
377	358	359	2	1	1
378	269	365	2	1	1
379	300	285	2	1	1
380	309	313	2	1	1
381	359	250	2	0	1
382	365	366	2	0	1
383	300	301	2	1	1
384	313	317	2	1	1
385	359	251	2	1	0
386	366	270	2	0	1
387	301	302	2	1	1
388	317	319	2	1	0
389	251	252	2	1	1
390	366	271	2	0	1
391	302	303	2	1	1
392	319	318	2	1	1
393	251	360	2	1	1
394	365	363	2	1	1
395	303	304	2	1	0
396	318	315	2	1	0
397	360	253	2	1	1
398	363	362	2	1	1
399	304	305	2	1	1
400	315	311	2	1	1
401	253	254	2	1	1
402	363	381	2	1	1
403	305	308	2	1	1
404	311	304	2	1	0
405	254	361	2	0	1
406	362	272	2	0	1
407	308	316	2	1	0
408	296	260	2	1	1
409	361	256	2	0	1
410	362	1	2	1	1
411	316	312	2	1	1
412	260	287	2	0	1
413	254	255	2	0	1
414	1	364	2	1	1
415	312	307	2	1	1
416	260	324	2	1	1
417	254	257	2	1	1
418	364	284	2	0	1
419	307	300	2	1	1
420	324	326	2	0	1
421	257	258	2	0	1
422	364	285	2	1	1
423	334	336	2	1	0
424	324	266	2	1	0
425	257	283	2	1	1
426	381	268	2	1	0
427	336	323	2	1	1
428	324	325	2	0	1
429	283	282	2	1	1
