function CHAVESSistemaHuang2002 = CHAVESSistemaHuang2002()

CHAVESSistemaHuang2002 =[
1	1	2	1	0	1
2	2	3	1	0	1
3	3	4	1	0	1
4	3	29	1	0	1
5	4	5	1	1	1
6	4	37	1	1	1
7	5	6	1	1	1
8	5	48	1	1	1
9	6	7	1	1	1
10	7	8	1	1	1
11	8	9	1	1	1
12	9	10	1	1	1
13	9	52	1	0	1
14	10	11	1	1	1
15	10	54	1	1	1
16	11	12	1	1	1
17	12	13	1	1	1
18	12	44	1	1	0
19	12	67	1	0	1
20	13	14	1	1	1
21	13	69	1	0	1
22	14	15	1	1	1
23	14	22	1	1	0
24	15	16	1	1	1
25	15	47	1	1	0
26	16	17	1	1	1
27	17	18	1	1	1
28	18	19	1	1	1
29	19	20	1	1	1
30	20	21	1	1	1
31	21	22	1	1	1
32	22	23	1	1	1
33	23	24	1	1	1
34	24	25	1	1	1
35	25	26	1	1	1
36	26	27	1	1	1
37	27	28	1	1	1
38	28	66	1	1	0
39	29	30	1	0	1
40	30	31	1	0	1
41	31	32	1	0	1
42	32	33	1	0	1
43	33	34	1	0	1
44	34	35	1	0	1
45	35	36	1	0	1
46	37	38	1	1	1
47	38	39	1	1	1
48	39	40	1	1	1
49	40	41	1	1	1
50	41	42	1	1	1
51	42	43	1	1	1
52	43	44	1	1	1
53	44	45	1	1	1
54	45	46	1	1	1
55	46	47	1	1	1
56	48	49	1	1	1
57	49	50	1	1	1
58	50	51	1	1	1
59	51	60	1	1	0
60	52	53	1	0	1
61	54	55	1	1	1
62	55	56	1	1	1
63	56	57	1	1	1
64	57	58	1	1	1
65	58	59	1	1	1
66	59	60	1	1	1
67	60	61	1	1	1
68	61	62	1	1	1
69	62	63	1	1	1
70	63	64	1	1	1
71	64	65	1	1	1
72	65	66	1	1	1
73	67	68	1	0	1
74	69	70	1	0	1];

end
