function CHAVESSistemaTPC2003 = CHAVESSistemaTPC2003()

CHAVESSistemaTPC2003 = [
1	1	12	1	1	1
2	12	13	1	1	1
3	13	14	1	1	1
4	14	15	1	1	1
5	15	16	1	1	1
6	16	17	1	1	1
7	17	18	1	1	1
8	18	19	1	0	1
9	18	20	1	0	1
10	18	21	1	0	1
11	2	22	1	1	1
12	22	23	1	1	1
13	23	24	1	1	1
14	23	25	1	1	1
15	3	26	1	1	1
16	26	27	1	1	1
17	27	28	1	1	1
18	28	29	1	1	1
19	29	30	1	1	1
20	30	31	1	1	1
21	31	32	1	0	1
22	32	33	1	0	1
23	32	34	1	0	1
24	34	35	1	0	1
25	4	36	1	1	1
26	36	37	1	1	1
27	37	38	1	1	1
28	38	39	1	1	1
29	39	40	1	1	1
30	5	41	1	1	1
31	41	42	1	1	1
32	42	43	1	1	1
33	43	44	1	1	1
34	44	45	1	1	1
35	45	46	1	1	1
36	46	47	1	1	1
37	47	48	1	1	1
38	48	49	1	1	1
39	49	50	1	1	1
40	50	51	1	1	1
41	49	52	1	1	1
42	52	53	1	1	1
43	6	54	1	1	1
44	54	55	1	1	1
45	55	56	1	1	1
46	56	57	1	1	1
47	7	58	1	1	1
48	58	59	1	1	1
49	59	60	1	1	1
50	60	61	1	1	1
51	61	62	1	1	1
52	62	63	1	1	1
53	63	64	1	1	1
54	64	65	1	1	1
55	65	66	1	1	1
56	8	67	1	1	1
57	67	68	1	1	1
58	68	69	1	1	1
59	69	70	1	1	1
60	70	71	1	1	1
61	71	72	1	1	1
62	72	73	1	1	1
63	73	74	1	1	1
64	74	75	1	1	1
65	9	76	1	1	1
66	76	77	1	1	1
67	77	78	1	1	1
68	78	79	1	1	1
69	79	80	1	1	1
70	80	81	1	1	1
71	81	82	1	1	1
72	82	83	1	1	1
73	10	84	1	1	1
74	84	85	1	1	1
75	85	86	1	1	1
76	86	87	1	1	1
77	11	88	1	1	1
78	88	89	1	1	1
79	89	90	1	1	1
80	90	91	1	1	1
81	91	92	1	1	1
82	92	93	1	1	1
83	93	94	1	1	1
84	16	66	1	1	0
85	18	71	1	1	0
86	22	54	1	1	0
87	23	83	1	1	0
88	24	87	1	1	0
89	25	29	1	1	0
90	27	37	1	1	0
91	31	94	1	1	0
92	39	43	1	1	0
93	40	50	1	1	0
94	45	57	1	1	0
95	51	53	1	1	0
96	64	75	1	1	0
];
end
