function SistemaZhu20023fontes = SistemaZhu20023fontesB()

% De	Para	R(pus)	X(pus)	Comprimento(km)	Ampacidade(A)
SistemaZhu20023fontes = [
1	4	0.075	0.1	1	1200
4	6	0.09	0.18	1	1200
4	5	0.08	0.11	1	1200
5	11	0.04	0.04	1	1200
6	7	0.04	0.04	1	1200
9	11	0.11	0.11	1	1200
2	8	0.11	0.11	1	1200
8	9	0.08	0.11	1	1200
8	10	0.11	0.11	1	1200
9	12	0.08	0.11	1	1200
7	16	0.09	0.12	1	1200
15	16	0.04	0.04	1	1200
10	14	0.04	0.04	1	1200
13	14	0.09	0.12	1	1200
3	13	0.11	0.11	1	1200
13	15	0.08	0.11	1	1200
];

end