function branchs = Sistema136branchs()

% De	Para	R(pus)	X(pus)	Comprimento(km)	Ampacidade(A)

branchs = [
136	1	0.33205	0.76653	1	300
1	2	0.00188	0.00433	1	300
2	3	0.22324	0.51535	1	300
3	4	0.09943	0.22953	1	300
4	5	0.15571	0.35945	1	300
5	6	0.16321	0.37677	1	300
6	7	0.11444	0.26417	1	300
6	8	0.05675	0.05666	1	300
8	9	0.52124	0.27418	1	300
8	10	0.10877	0.1086	1	300
10	11	0.39803	0.20937	1	300
10	12	0.91744	0.31469	1	300
10	13	0.11823	0.11805	1	300
13	14	0.50228	0.26421	1	300
13	15	0.05675	0.05666	1	300
15	16	0.29379	0.15454	1	300
136	17	0.33205	0.76653	1	300
17	18	0.00188	0.00433	1	300
18	19	0.22324	0.51535	1	300
19	20	0.10881	0.25118	1	300
20	21	0.71078	0.37388	1	300
20	22	0.18197	0.42008	1	300
22	23	0.30326	0.15952	1	300
22	24	0.02439	0.0563	1	300
24	25	0.04502	0.10394	1	300
25	26	0.01876	0.04331	1	300
26	27	0.11823	0.11805	1	300
27	28	0.02365	0.02361	1	300
28	29	0.18954	0.0997	1	300
29	30	0.39803	0.20937	1	300
28	31	0.05675	0.05666	1	300
31	32	0.09477	0.04985	1	300
32	33	0.41699	0.21934	1	300
33	34	0.11372	0.05982	1	300
31	35	0.07566	0.07555	1	300
35	36	0.3696	0.19442	1	300
36	37	0.26536	0.13958	1	300
35	38	0.05675	0.05666	1	300
136	39	0.33205	0.76653	1	300
39	40	0.11819	0.27283	1	300
40	41	2.96288	1.01628	1	300
40	42	0.00188	0.00433	1	300
42	43	0.06941	0.16024	1	300
43	44	0.81502	0.42872	1	300
43	45	0.06378	0.14724	1	300
45	46	0.13132	0.30315	1	300
46	47	0.06191	0.14291	1	300
47	48	0.11444	0.26417	1	300
48	49	0.28374	0.28331	1	300
49	50	0.28374	0.28331	1	300
48	51	0.04502	0.10394	1	300
51	52	0.02626	0.06063	1	300
52	53	0.06003	0.13858	1	300
53	54	0.03002	0.06929	1	300
54	55	0.02064	0.04764	1	300
52	56	0.10881	0.25118	1	300
56	57	0.25588	0.1346	1	300
57	58	0.41699	0.21934	1	300
58	59	0.50228	0.26421	1	300
59	60	0.3317	0.17448	1	300
60	61	0.20849	0.10967	1	300
47	62	0.13882	0.32047	1	300
136	63	0.0075	0.01732	1	300
63	64	0.27014	0.62362	1	300
64	65	0.3827	0.88346	1	300
65	66	0.33018	0.7622	1	300
66	67	0.3283	0.75787	1	300
67	68	0.17072	0.39409	1	300
68	69	0.55914	0.29412	1	300
68	70	0.05816	0.13425	1	300
70	71	0.7013	0.3689	1	300
71	72	1.02352	0.53839	1	300
70	73	0.06754	0.15591	1	300
73	74	1.32352	0.45397	1	300
136	75	0.01126	0.02598	1	300
75	76	0.72976	1.68464	1	300
76	77	0.22512	0.51968	1	300
77	78	0.20824	0.48071	1	300
78	79	0.0469	0.10827	1	300
79	80	0.6195	0.61857	1	300
80	81	0.34049	0.33998	1	300
81	82	0.56862	0.29911	1	300
81	83	0.10877	0.1086	1	300
83	84	0.56862	0.29911	1	300
136	85	0.01126	0.02598	1	300
85	86	0.41835	0.96575	1	300
86	87	0.10499	0.13641	1	300
86	88	0.43898	1.01338	1	300
88	89	0.0752	0.02579	1	300
89	90	0.07692	0.17756	1	300
90	91	0.33205	0.76653	1	300
91	92	0.08442	0.19488	1	300
92	93	0.1332	0.30748	1	300
93	94	0.2932	0.29276	1	300
94	95	0.21753	0.21721	1	300
95	96	0.26482	0.26443	1	300
93	97	0.10318	0.23819	1	300
97	98	0.13507	0.31181	1	300
136	99	0.00938	0.02165	1	300
99	100	0.16884	0.38976	1	300
100	101	0.11819	0.27283	1	300
101	102	2.28608	0.78414	1	300
101	103	0.45587	1.05236	1	300
103	104	0.696	1.60669	1	300
104	105	0.45774	1.05669	1	300
105	106	0.20298	0.26373	1	300
106	107	0.21348	0.27737	1	300
107	108	0.54967	0.28914	1	300
108	109	0.54019	0.28415	1	300
107	110	0.0455	0.05911	1	300
110	111	0.47385	0.24926	1	300
111	112	0.86241	0.45364	1	300
112	113	0.56862	0.29911	1	300
108	114	0.77711	0.40878	1	300
114	115	1.08038	0.5683	1	300
109	116	1.09933	0.57827	1	300
116	117	0.47385	0.24926	1	300
104	118	0.32267	0.74488	1	300
118	119	0.14633	0.33779	1	300
119	120	0.12382	0.28583	1	300
136	121	0.01126	0.02598	1	300
121	122	0.6491	1.49842	1	300
122	123	0.04502	0.10394	1	300
123	124	0.5264	0.18056	1	300
123	125	0.02064	0.04764	1	300
125	126	0.53071	0.27917	1	300
125	127	0.09755	0.2252	1	300
127	128	0.11819	0.27283	1	300
127	129	0.13882	0.32047	1	300
129	130	0.04315	0.09961	1	300
130	131	0.09192	0.2122	1	300
131	132	0.16134	0.37244	1	300
132	133	0.37832	0.37775	1	300
133	134	0.39724	0.39664	1	300
134	135	0.2932	0.29276	1	300
7	73	0.13132	0.30315	1	300
9	24	0.26536	0.13958	1	300
15	83	0.14187	0.14166	1	300
38	135	0.08512	0.08499	1	300
25	51	0.04502	0.10394	1	300
50	96	0.14187	0.14166	1	300
55	98	0.14187	0.14166	1	300
62	120	0.0394	0.09094	1	300
66	79	0.12944	0.29882	1	300
79	131	0.01688	0.03898	1	300
84	135	0.3317	0.17448	1	300
91	104	0.14187	0.14166	1	300
90	129	0.07692	0.17756	1	300
90	103	0.07692	0.17756	1	300
92	104	0.07692	0.17756	1	300
92	132	0.07692	0.17756	1	300
96	120	0.26482	0.26443	1	300
110	47	0.49696	0.64567	1	300
126	76	0.17059	0.08973	1	300
128	77	0.05253	0.12126	1	300
135	98	0.2932	0.29276	1	300
];

end 