function branchs = Sistema119branchs()
% De	Para	R(pus)	X(pus)	Comprimento(km)	Ampacidade(A)

branchs = [
124	1	0.0001	0.0001	1	500 % % OBS: alterado bus n.0 to n.124 % nao preciso rerpesentar este branch
1	2	0.036	0.01296	1	500
2	3	0.033	0.01188	1	500
2	4	0.045	0.0162	1	500
4	5	0.015	0.054	1	500
5	6	0.015	0.054	1	500
6	7	0.015	0.0125	1	500
7	8	0.018	0.014	1	500
8	9	0.021	0.063	1	500
2	10	0.166	0.1344	1	500
10	11	0.112	0.0789	1	500
11	12	0.187	0.313	1	500
12	13	0.142	0.1512	1	500
13	14	0.18	0.118	1	500
14	15	0.15	0.045	1	500
15	16	0.16	0.18	1	500
16	17	0.157	0.171	1	500
11	18	0.218	0.285	1	500
18	19	0.118	0.185	1	500
19	20	0.16	0.196	1	500
20	21	0.12	0.189	1	500
21	22	0.12	0.0789	1	500
22	23	1.41	0.723	1	500
23	24	0.293	0.1348	1	500
24	25	0.133	0.104	1	500
25	26	0.178	0.134	1	500
26	27	0.178	0.134	1	500
4	29	0.015	0.0296	1	500
29	30	0.012	0.0276	1	500
30	31	0.12	0.2766	1	500
31	32	0.21	0.243	1	500
32	33	0.12	0.054	1	500
33	34	0.178	0.234	1	500
34	35	0.178	0.234	1	500
35	36	0.154	0.162	1	500
31	37	0.187	0.261	1	500
37	38	0.133	0.099	1	500
30	40	0.33	0.194	1	500
40	41	0.31	0.194	1	500
41	42	0.13	0.194	1	500
42	43	0.28	0.15	1	500
43	44	1.18	0.85	1	500
44	45	0.42	0.2436	1	500
45	46	0.27	0.0972	1	500
46	47	0.339	0.1221	1	500
47	48	0.27	0.1779	1	500
36	49	0.21	0.1383	1	500
49	50	0.12	0.0789	1	500
50	51	0.15	0.0987	1	500
51	52	0.15	0.0987	1	500
52	53	0.24	0.1581	1	500
53	54	0.12	0.0789	1	500
54	55	0.405	0.1458	1	500
54	56	0.405	0.1458	1	500
30	58	0.391	0.141	1	500
58	59	0.406	0.1461	1	500
59	60	0.406	0.1461	1	500
60	61	0.706	0.5461	1	500
61	62	0.338	0.1218	1	500
62	63	0.338	0.1218	1	500
63	64	0.207	0.0747	1	500
64	65	0.247	0.8922	1	500
1	66	0.028	0.0418	1	500
66	67	0.117	0.2016	1	500
67	68	0.255	0.0918	1	500
68	69	0.21	0.0759	1	500
69	70	0.383	0.138	1	500
70	71	0.504	0.3303	1	500
71	72	0.406	0.1461	1	500
72	73	0.962	0.761	1	500
73	74	0.165	0.06	1	500
74	75	0.303	0.1092	1	500
75	76	0.303	0.1092	1	500
76	77	0.206	0.144	1	500
77	78	0.233	0.084	1	500
78	79	0.591	0.1773	1	500
79	80	0.126	0.0453	1	500
67	81	0.559	0.3687	1	500
81	82	0.186	0.1227	1	500
82	83	0.186	0.1227	1	500
83	84	0.26	0.139	1	500
84	85	0.154	0.148	1	500
85	86	0.23	0.128	1	500
86	87	0.252	0.106	1	500
87	88	0.18	0.148	1	500
82	89	0.16	0.182	1	500
89	90	0.2	0.23	1	500
90	91	0.16	0.393	1	500
68	93	0.669	0.2412	1	500
93	94	0.266	0.1227	1	500
94	95	0.266	0.1227	1	500
95	96	0.266	0.1227	1	500
96	97	0.266	0.1227	1	500
97	98	0.233	0.115	1	500
98	99	0.496	0.138	1	500
95	100	0.196	0.18	1	500
100	101	0.196	0.18	1	500
101	102	0.1866	0.122	1	500
102	103	0.0746	0.318	1	500
1	105	0.0625	0.0265	1	500
105	106	0.1501	0.234	1	500
106	107	0.1347	0.0888	1	500
107	108	0.2307	0.1203	1	500
108	109	0.447	0.1608	1	500
109	110	0.1632	0.0588	1	500
110	111	0.33	0.099	1	500
111	112	0.156	0.0561	1	500
112	113	0.3819	0.1374	1	500
113	114	0.1626	0.0585	1	500
114	115	0.3819	0.1374	1	500
115	116	0.2445	0.0879	1	500
115	117	0.2088	0.0753	1	500
117	118	0.2301	0.0828	1	500
105	119	0.6102	0.2196	1	500
119	120	0.1866	0.127	1	500
120	121	0.3732	0.246	1	500
121	122	0.405	0.367	1	500
122	123	0.489	0.438	1	500
48	27	0.5258	0.2925	1	500
17	27	0.5258	0.2916	1	500
8	24	0.4272	0.1539	1	500
56	45	0.48	0.1728	1	500
65	51	0.36	0.1296	1	500
38	65	0.57	0.572	1	500
9	42	0.53	0.3348	1	500
61	100	0.3957	0.1425	1	500
76	95	0.68	0.648	1	500
91	78	0.4062	0.1464	1	500
103	80	0.4626	0.1674	1	500
113	86	0.651	0.234	1	500
110	89	0.8125	0.2925	1	500
115	123	0.7089	0.2553	1	500
25	36	0.5	0.5	1	500
];

end