function SistemaTPC2003 = SistemaTPC2003B()

% De	Para	R(pus)	X(pus)	Comprimento(km)	Ampacidade(A)
SistemaTPC2003 =[
1	12	0.1944	0.6624	1	655
12	13	0.2096	0.4304	1	655
13	14	0.2358	0.4842	1	655
14	15	0.0917	0.1883	1	655
15	16	0.2096	0.4304	1	655
16	17	0.0393	0.0807	1	655
17	18	0.0405	0.138	1	655
18	19	0.1048	0.2152	1	655
18	20	0.2358	0.4842	1	655
18	21	0.1048	0.2152	1	655
2	22	0.0786	0.1614	1	655
22	23	0.3406	0.6944	1	655
23	24	0.0262	0.0538	1	655
23	25	0.0786	0.1614	1	655
3	26	0.1134	0.3864	1	655
26	27	0.0524	0.1076	1	655
27	28	0.0524	0.1076	1	655
28	29	0.1572	0.3228	1	655
29	30	0.0393	0.0807	1	655
30	31	0.1703	0.3497	1	655
31	32	0.2358	0.4842	1	655
32	33	0.1572	0.3228	1	655
32	34	0.1965	0.4035	1	655
34	35	0.131	0.269	1	655
4	36	0.0567	0.1932	1	655
36	37	0.1048	0.2152	1	655
37	38	0.2489	0.5111	1	655
38	39	0.0489	0.165	1	655
39	40	0.131	0.269	1	655
5	41	0.1965	0.396	1	655
41	42	0.131	0.269	1	655
42	43	0.131	0.269	1	655
43	44	0.0262	0.0538	1	655
44	45	0.1703	0.3497	1	655
45	46	0.0524	0.1076	1	655
46	47	0.4978	1.0222	1	655
47	48	0.0393	0.0807	1	655
48	49	0.0393	0.0807	1	655
49	50	0.0786	0.1614	1	655
50	51	0.2096	0.4304	1	655
49	52	0.1965	0.4035	1	655
52	53	0.2096	0.4304	1	655
6	54	0.0486	0.1656	1	655
54	55	0.0393	0.0807	1	655
55	56	0.131	0.269	1	655
56	57	0.2358	0.4842	1	655
7	58	0.243	0.828	1	655
58	59	0.0655	0.1345	1	655
59	60	0.0655	0.1345	1	655
60	61	0.0393	0.0807	1	655
61	62	0.0786	0.1614	1	655
62	63	0.0393	0.0807	1	655
63	64	0.0786	0.1614	1	655
64	65	0.0524	0.1076	1	655
65	66	0.131	0.269	1	655
8	67	0.2268	0.7728	1	655
67	68	0.5371	1.1029	1	655
68	69	0.0524	0.1076	1	655
69	70	0.0405	0.138	1	655
70	71	0.0393	0.0807	1	655
71	72	0.0262	0.0538	1	655
72	73	0.1048	0.2152	1	655
73	74	0.2358	0.4842	1	655
74	75	0.0243	0.0828	1	655
9	76	0.0486	0.1656	1	655
76	77	0.1703	0.3497	1	655
77	78	0.1215	0.414	1	655
78	79	0.2187	0.7452	1	655
79	80	0.0486	0.1656	1	655
80	81	0.0729	0.2484	1	655
81	82	0.0567	0.1932	1	655
82	83	0.0262	0.0528	1	655
10	84	0.324	1.104	1	655
84	85	0.0324	0.1104	1	655
85	86	0.0567	0.1932	1	655
86	87	0.0486	0.1656	1	655
11	88	0.2511	0.8556	1	655
88	89	0.1296	0.4416	1	655
89	90	0.0486	0.1656	1	655
90	91	0.131	0.264	1	655
91	92	0.131	0.264	1	655
92	93	0.0917	0.1883	1	655
93	94	0.3144	0.6456	1	655
16	66	0.131	0.269	1	655
18	71	0.131	0.269	1	655
22	54	0.131	0.269	1	655
23	83	0.3406	0.6994	1	655
24	87	0.4585	0.9415	1	655
25	29	0.5371	1.0824	1	655
27	37	0.0917	0.1883	1	655
31	94	0.0786	0.1614	1	655
39	43	0.0524	0.1076	1	655
40	50	0.0786	0.1614	1	655
45	57	0.0262	0.0538	1	655
51	53	0.1965	0.4035	1	655
64	75	0.0393	0.0807	1	655
];

end
