function SistemaTPC2003 = SistemaTPC2003A()

% No	Tipo	Vpu	Teta	Pcarga	Qcarga	Pger	Qger
SistemaTPC2003=[
1	3	11.4	0	0	0	0	0
2	3	11.4	0	0	0	0	0
3	3	11.4	0	0	0	0	0
4	3	11.4	0	0	0	0	0
5	3	11.4	0	0	0	0	0
6	3	11.4	0	0	0	0	0
7	3	11.4	0	0	0	0	0
8	3	11.4	0	0	0	0	0
9	3	11.4	0	0	0	0	0
10	3	11.4	0	0	0	0	0
11	3	11.4	0	0	0	0	0
12	1	11.4	0	0	0	0	0
13	1	11.4	0	100	50	0	0
14	1	11.4	0	300	200	0	0
15	1	11.4	0	350	250	0	0
16	1	11.4	0	220	100	0	0
17	1	11.4	0	1100	800	0	0
18	1	11.4	0	400	320	0	0
19	1	11.4	0	300	200	0	0
20	1	11.4	0	300	230	0	0
21	1	11.4	0	300	260	0	0
22	1	11.4	0	0	0	0	0
23	1	11.4	0	1200	800	0	0
24	1	11.4	0	800	600	0	0
25	1	11.4	0	700	500	0	0
26	1	11.4	0	0	0	0	0
27	1	11.4	0	300	150	0	0
28	1	11.4	0	500	350	0	0
29	1	11.4	0	700	400	0	0
30	1	11.4	0	1200	1000	0	0
31	1	11.4	0	300	300	0	0
32	1	11.4	0	400	350	0	0
33	1	11.4	0	50	20	0	0
34	1	11.4	0	50	20	0	0
35	1	11.4	0	50	10	0	0
36	1	11.4	0	50	30	0	0
37	1	11.4	0	100	60	0	0
38	1	11.4	0	100	70	0	0
39	1	11.4	0	1800	1300	0	0
40	1	11.4	0	200	120	0	0
41	1	11.4	0	0	0	0	0
42	1	11.4	0	1800	1600	0	0
43	1	11.4	0	200	150	0	0
44	1	11.4	0	200	100	0	0
45	1	11.4	0	800	600	0	0
46	1	11.4	0	100	60	0	0
47	1	11.4	0	100	60	0	0
48	1	11.4	0	20	10	0	0
49	1	11.4	0	20	10	0	0
50	1	11.4	0	20	10	0	0
51	1	11.4	0	20	10	0	0
52	1	11.4	0	200	160	0	0
53	1	11.4	0	50	30	0	0
54	1	11.4	0	0	0	0	0
55	1	11.4	0	30	20	0	0
56	1	11.4	0	800	700	0	0
57	1	11.4	0	200	150	0	0
58	1	11.4	0	0	0	0	0
59	1	11.4	0	0	0	0	0
60	1	11.4	0	0	0	0	0
61	1	11.4	0	200	160	0	0
62	1	11.4	0	800	600	0	0
63	1	11.4	0	500	300	0	0
64	1	11.4	0	500	350	0	0
65	1	11.4	0	500	300	0	0
66	1	11.4	0	200	80	0	0
67	1	11.4	0	0	0	0	0
68	1	11.4	0	30	20	0	0
69	1	11.4	0	600	420	0	0
70	1	11.4	0	0	0	0	0
71	1	11.4	0	20	10	0	0
72	1	11.4	0	20	10	0	0
73	1	11.4	0	200	130	0	0
74	1	11.4	0	300	240	0	0
75	1	11.4	0	300	200	0	0
76	1	11.4	0	0	0	0	0
77	1	11.4	0	50	30	0	0
78	1	11.4	0	0	0	0	0
79	1	11.4	0	400	360	0	0
80	1	11.4	0	0	0	0	0
81	1	11.4	0	0	0	0	0
82	1	11.4	0	2000	1500	0	0
83	1	11.4	0	200	150	0	0
84	1	11.4	0	0	0	0	0
85	1	11.4	0	0	0	0	0
86	1	11.4	0	1200	950	0	0
87	1	11.4	0	300	180	0	0
88	1	11.4	0	0	0	0	0
89	1	11.4	0	400	360	0	0
90	1	11.4	0	2000	1300	0	0
91	1	11.4	0	200	140	0	0
92	1	11.4	0	500	360	0	0
93	1	11.4	0	100	30	0	0
94	1	11.4	0	400	360	0	0
];

end